timestamp,utilization.gpu [%],utilization.memory [%],memory.total [MiB],memory.used [MiB],power.draw [W],cpu_usage [%],memory_used [MiB],memory_total [MiB],memory_utilization [%]
2025/03/18 03:38:30.241, 20, 8, 12288, 335, 16.07, 10.99, 2223, 31904, 6.96778
2025/03/18 03:38:32.281, 0, 6, 12288, 335, 16.08, 1.25, 2221, 31904, 6.96151
2025/03/18 03:38:34.340, 4, 0, 12288, 336, 27.22, 2.93, 2220, 31904, 6.95838
2025/03/18 03:38:36.418, 0, 3, 12288, 325, 23.87, 7.8, 2393, 31904, 7.50063
2025/03/18 03:38:38.458, 0, 6, 12288, 325, 16.33, 8.94, 2464, 31904, 7.72317
2025/03/18 03:38:40.494, 2, 7, 12288, 325, 16.28, 8.51, 2470, 31904, 7.74198
2025/03/18 03:38:42.530, 20, 12, 12288, 325, 16.48, 2.01, 2559, 31904, 8.02094
2025/03/18 03:38:44.601, 2, 7, 12288, 319, 16.15, 26.61, 3023, 31904, 9.4753
2025/03/18 03:38:46.642, 9, 1, 12288, 934, 21.85, 2.28, 4026, 31904, 12.6191
2025/03/18 03:38:48.713, 0, 0, 12288, 934, 39.86, 2.61, 4057, 31904, 12.7163
2025/03/18 03:38:50.802, 0, 0, 12288, 934, 40.13, 3.7, 4081, 31904, 12.7915
2025/03/18 03:38:52.870, 0, 0, 12288, 934, 40.24, 3.61, 4082, 31904, 12.7946
2025/03/18 03:38:54.949, 2, 0, 12288, 934, 40.33, 4.03, 4101, 31904, 12.8542
2025/03/18 03:38:57.017, 0, 0, 12288, 934, 40.14, 2.2, 4105, 31904, 12.8667
2025/03/18 03:38:59.097, 0, 0, 12288, 934, 40.19, 4.03, 4120, 31904, 12.9137
2025/03/18 03:39:01.158, 0, 0, 12288, 934, 40.26, 2.02, 4121, 31904, 12.9169
2025/03/18 03:39:03.246, 0, 0, 12288, 934, 40.17, 2.77, 4125, 31904, 12.9294
2025/03/18 03:39:05.306, 0, 7, 12288, 934, 21.11, 2.19, 4129, 31904, 12.942
2025/03/18 03:39:07.369, 0, 7, 12288, 934, 16.31, 2.44, 4126, 31904, 12.9325
2025/03/18 03:39:09.434, 0, 7, 12288, 934, 16.29, 2.69, 4120, 31904, 12.9137
2025/03/18 03:39:11.501, 13, 10, 12288, 934, 16.34, 4.1, 4123, 31904, 12.9231
2025/03/18 03:39:13.573, 12, 10, 12288, 934, 16.38, 2.79, 4135, 31904, 12.9608
2025/03/18 03:39:15.634, 0, 6, 12288, 934, 16.29, 2.02, 4136, 31904, 12.9639
2025/03/18 03:39:17.693, 0, 6, 12288, 934, 16.28, 2.43, 4143, 31904, 12.9858
2025/03/18 03:39:19.757, 0, 6, 12288, 934, 16.26, 7.2, 4148, 31904, 13.0015
2025/03/18 03:39:21.797, 39, 20, 12288, 3304, 133.78, 5.1, 4148, 31904, 13.0015
2025/03/18 03:39:23.873, 0, 0, 12288, 3304, 43.37, 4.27, 4147, 31904, 12.9984
2025/03/18 03:39:25.945, 100, 87, 12288, 3304, 75.76, 8.83, 4150, 31904, 13.0078
2025/03/18 03:39:27.997, 3, 0, 12288, 3306, 45.42, 2.94, 4154, 31904, 13.0203
2025/03/18 03:39:30.061, 0, 0, 12288, 3306, 41.71, 8.45, 4157, 31904, 13.0297
2025/03/18 03:39:32.101, 0, 0, 12288, 3306, 108.50, 4.62, 4160, 31904, 13.0391
2025/03/18 03:39:34.158, 0, 0, 12288, 3306, 43.56, 2.6, 4161, 31904, 13.0423
2025/03/18 03:39:36.213, 100, 77, 12288, 3306, 84.90, 8.74, 4168, 31904, 13.0642
2025/03/18 03:39:38.281, 2, 0, 12288, 3306, 46.38, 2.61, 4170, 31904, 13.0705
2025/03/18 03:39:40.345, 0, 0, 12288, 3306, 42.56, 9.56, 4163, 31904, 13.0485
2025/03/18 03:39:42.385, 0, 0, 12288, 3306, 89.94, 4.21, 4170, 31904, 13.0705
2025/03/18 03:39:44.442, 0, 0, 12288, 3306, 43.25, 2.35, 4185, 31904, 13.1175
2025/03/18 03:39:46.493, 100, 68, 12288, 3306, 119.42, 8.59, 4189, 31904, 13.13
2025/03/18 03:39:48.541, 2, 0, 12288, 3306, 45.74, 2.35, 4188, 31904, 13.1269
2025/03/18 03:39:50.594, 0, 0, 12288, 3306, 41.14, 10.07, 4176, 31904, 13.0893
2025/03/18 03:39:52.657, 0, 0, 12288, 3306, 82.09, 3.46, 4178, 31904, 13.0955
2025/03/18 03:39:54.737, 0, 0, 12288, 3306, 42.11, 3.2, 4184, 31904, 13.1143
2025/03/18 03:39:56.777, 88, 52, 12288, 3306, 133.52, 8, 4177, 31904, 13.0924
2025/03/18 03:39:58.841, 1, 0, 12288, 3306, 45.64, 2.1, 4186, 31904, 13.1206
2025/03/18 03:40:00.917, 1, 0, 12288, 3306, 40.95, 9.31, 4182, 31904, 13.1081
2025/03/18 03:40:02.965, 2, 0, 12288, 3306, 57.70, 2.88, 4183, 31904, 13.1112
2025/03/18 03:40:05.026, 0, 0, 12288, 3306, 40.81, 6.32, 4181, 31904, 13.1049
2025/03/18 03:40:07.065, 88, 52, 12288, 3306, 145.49, 7.13, 4181, 31904, 13.1049
2025/03/18 03:40:09.121, 1, 0, 12288, 3306, 45.11, 2.52, 4180, 31904, 13.1018
2025/03/18 03:40:11.173, 49, 44, 12288, 3306, 47.03, 8.68, 4192, 31904, 13.1394
2025/03/18 03:40:13.233, 2, 0, 12288, 3306, 54.26, 4.92, 4199, 31904, 13.1614
2025/03/18 03:40:15.319, 4, 1, 12288, 3316, 40.97, 5.31, 4187, 31904, 13.1237
2025/03/18 03:40:17.377, 37, 18, 12288, 3306, 139.07, 5.77, 4189, 31904, 13.13
2025/03/18 03:40:19.433, 0, 0, 12288, 3306, 44.24, 2.35, 4197, 31904, 13.1551
2025/03/18 03:40:21.485, 74, 71, 12288, 3306, 58.16, 8.43, 4204, 31904, 13.177
2025/03/18 03:40:23.534, 0, 0, 12288, 3306, 45.21, 2.59, 4205, 31904, 13.1802
2025/03/18 03:40:25.597, 0, 0, 12288, 3306, 40.33, 6.31, 4204, 31904, 13.177
2025/03/18 03:40:27.637, 1, 0, 12288, 3306, 132.30, 5.03, 4207, 31904, 13.1864
2025/03/18 03:40:29.716, 0, 0, 12288, 3306, 44.08, 2.27, 4206, 31904, 13.1833
2025/03/18 03:40:31.765, 100, 84, 12288, 3306, 79.78, 8.26, 4194, 31904, 13.1457
2025/03/18 03:40:33.833, 0, 0, 12288, 3306, 57.65, 2.27, 4205, 31904, 13.1802
2025/03/18 03:40:35.918, 0, 0, 12288, 3306, 42.11, 8.11, 4218, 31904, 13.2209
2025/03/18 03:40:37.977, 0, 0, 12288, 3306, 104.59, 3.69, 4223, 31904, 13.2366
2025/03/18 03:40:40.057, 0, 0, 12288, 3306, 43.51, 3, 4218, 31904, 13.2209
2025/03/18 03:40:42.109, 100, 84, 12288, 3306, 86.32, 8.42, 4226, 31904, 13.246
2025/03/18 03:40:44.149, 0, 0, 12288, 3306, 60.48, 2.85, 4229, 31904, 13.2554
2025/03/18 03:40:46.205, 0, 0, 12288, 3306, 39.83, 9.15, 4230, 31904, 13.2585
2025/03/18 03:40:48.245, 0, 0, 12288, 3306, 87.81, 2.78, 4233, 31904, 13.2679
2025/03/18 03:40:50.325, 0, 0, 12288, 3306, 43.92, 2.67, 4230, 31904, 13.2585
2025/03/18 03:40:52.377, 99, 62, 12288, 3306, 86.47, 8.42, 4227, 31904, 13.2491
2025/03/18 03:40:54.422, 0, 0, 12288, 3306, 53.87, 2.35, 4227, 31904, 13.2491
2025/03/18 03:40:56.484, 0, 0, 12288, 3306, 42.06, 9.61, 4218, 31904, 13.2209
2025/03/18 03:40:58.522, 0, 0, 12288, 3306, 79.42, 2.18, 4228, 31904, 13.2523
2025/03/18 03:41:00.585, 0, 0, 12288, 3306, 40.41, 3.11, 4222, 31904, 13.2335
2025/03/18 03:41:02.625, 100, 62, 12288, 3306, 98.79, 7.6, 4213, 31904, 13.2052
2025/03/18 03:41:04.705, 0, 0, 12288, 3306, 55.05, 2.27, 4222, 31904, 13.2335
2025/03/18 03:41:06.761, 1, 0, 12288, 3306, 39.75, 8.43, 4232, 31904, 13.2648
2025/03/18 03:41:08.801, 0, 0, 12288, 3306, 60.54, 2.1, 4235, 31904, 13.2742
2025/03/18 03:41:10.881, 0, 0, 12288, 3306, 41.74, 5.27, 4240, 31904, 13.2899
2025/03/18 03:41:12.921, 88, 53, 12288, 3306, 143.02, 6.43, 4238, 31904, 13.2836
2025/03/18 03:41:14.997, 0, 0, 12288, 3306, 44.79, 2.44, 4238, 31904, 13.2836
2025/03/18 03:41:17.049, 43, 41, 12288, 3306, 50.64, 8.42, 4240, 31904, 13.2899
2025/03/18 03:41:19.117, 0, 0, 12288, 3306, 51.01, 2.27, 4235, 31904, 13.2742
2025/03/18 03:41:21.177, 0, 0, 12288, 3306, 39.79, 6.84, 4231, 31904, 13.2617
2025/03/18 03:41:23.217, 24, 10, 12288, 3306, 136.53, 5.12, 4230, 31904, 13.2585
2025/03/18 03:41:25.273, 0, 0, 12288, 3306, 43.86, 2.27, 4234, 31904, 13.2711
2025/03/18 03:41:27.329, 87, 84, 12288, 3306, 59.44, 8.43, 4241, 31904, 13.293
2025/03/18 03:41:29.377, 0, 0, 12288, 3306, 51.99, 1.94, 4243, 31904, 13.2993
2025/03/18 03:41:31.461, 0, 0, 12288, 3306, 42.03, 7.12, 4236, 31904, 13.2773
2025/03/18 03:41:33.501, 0, 0, 12288, 3306, 117.73, 4.11, 4245, 31904, 13.3055
2025/03/18 03:41:35.585, 0, 0, 12288, 3306, 42.74, 2.6, 4238, 31904, 13.2836
2025/03/18 03:41:37.637, 100, 85, 12288, 3306, 77.80, 8.42, 4229, 31904, 13.2554
2025/03/18 03:41:39.685, 0, 0, 12288, 3306, 51.70, 2.11, 4243, 31904, 13.2993
2025/03/18 03:41:41.753, 0, 0, 12288, 3306, 41.69, 8.51, 4229, 31904, 13.2554
2025/03/18 03:41:43.793, 0, 0, 12288, 3306, 96.61, 2.94, 4238, 31904, 13.2836
2025/03/18 03:41:45.834, 0, 0, 12288, 3306, 43.77, 2.52, 4245, 31904, 13.3055
2025/03/18 03:41:47.885, 100, 81, 12288, 3306, 83.13, 8.58, 4236, 31904, 13.2773
2025/03/18 03:41:49.933, 0, 0, 12288, 3306, 44.70, 2.02, 4246, 31904, 13.3087
2025/03/18 03:41:52.017, 0, 0, 12288, 3306, 39.73, 9.6, 4239, 31904, 13.2867
2025/03/18 03:41:54.073, 0, 0, 12288, 3306, 75.68, 2.35, 4236, 31904, 13.2773
2025/03/18 03:41:56.149, 0, 0, 12288, 3306, 44.23, 3.36, 4231, 31904, 13.2617
2025/03/18 03:41:58.189, 91, 54, 12288, 3306, 129.26, 7.67, 4234, 31904, 13.2711
2025/03/18 03:42:00.245, 1, 0, 12288, 3306, 44.31, 2.93, 4240, 31904, 13.2899
2025/03/18 03:42:02.299, 0, 0, 12288, 3306, 39.68, 8.49, 4234, 31904, 13.2711
2025/03/18 03:42:04.353, 0, 0, 12288, 3306, 56.88, 2.02, 4241, 31904, 13.293
2025/03/18 03:42:06.414, 0, 0, 12288, 3306, 41.90, 5.6, 4238, 31904, 13.2836
2025/03/18 03:42:08.453, 88, 53, 12288, 3306, 147.06, 6.75, 4243, 31904, 13.2993
2025/03/18 03:42:10.509, 0, 0, 12288, 3306, 44.26, 2.27, 4248, 31904, 13.3149
2025/03/18 03:42:12.561, 57, 55, 12288, 3306, 47.69, 8.35, 4246, 31904, 13.3087
2025/03/18 03:42:14.629, 0, 0, 12288, 3306, 58.45, 3.03, 4245, 31904, 13.3055
2025/03/18 03:42:16.690, 0, 0, 12288, 3306, 41.95, 6.61, 4245, 31904, 13.3055
2025/03/18 03:42:18.729, 5, 1, 12288, 3306, 132.38, 5.76, 4248, 31904, 13.3149
2025/03/18 03:42:20.786, 0, 0, 12288, 3306, 43.77, 2.19, 4250, 31904, 13.3212
2025/03/18 03:42:22.837, 100, 95, 12288, 3306, 64.91, 8.41, 4249, 31904, 13.3181
2025/03/18 03:42:24.885, 0, 0, 12288, 3306, 55.67, 2.68, 4245, 31904, 13.3055
2025/03/18 03:42:26.946, 0, 0, 12288, 3306, 42.12, 7.76, 4245, 31904, 13.3055
2025/03/18 03:42:28.985, 0, 0, 12288, 3306, 120.68, 4.35, 4240, 31904, 13.2899
2025/03/18 03:42:31.041, 0, 0, 12288, 3306, 43.81, 2.27, 4242, 31904, 13.2961
2025/03/18 03:42:33.113, 100, 82, 12288, 3306, 77.67, 8.33, 4236, 31904, 13.2773
2025/03/18 03:42:35.169, 0, 0, 12288, 3306, 52.46, 2.43, 4251, 31904, 13.3243
2025/03/18 03:42:37.233, 0, 0, 12288, 3306, 41.93, 9.14, 4255, 31904, 13.3369
2025/03/18 03:42:39.273, 0, 0, 12288, 3306, 98.01, 2.69, 4246, 31904, 13.3087
2025/03/18 03:42:41.329, 0, 0, 12288, 3306, 44.77, 2.27, 4246, 31904, 13.3087
2025/03/18 03:42:43.381, 100, 69, 12288, 3306, 79.97, 8.5, 4242, 31904, 13.2961
2025/03/18 03:42:45.421, 0, 0, 12288, 3306, 51.95, 2.52, 4249, 31904, 13.3181
2025/03/18 03:42:47.505, 0, 0, 12288, 3306, 39.77, 9.51, 4242, 31904, 13.2961
2025/03/18 03:42:49.565, 0, 0, 12288, 3306, 74.95, 1.94, 4249, 31904, 13.3181
2025/03/18 03:42:51.633, 0, 0, 12288, 3306, 43.83, 3.27, 4253, 31904, 13.3306
2025/03/18 03:42:53.673, 99, 62, 12288, 3306, 91.40, 7.67, 4243, 31904, 13.2993
2025/03/18 03:42:55.753, 0, 0, 12288, 3306, 44.94, 2.27, 4252, 31904, 13.3275
2025/03/18 03:42:57.801, 0, 0, 12288, 3306, 42.17, 8.33, 4244, 31904, 13.3024
2025/03/18 03:42:59.842, 0, 0, 12288, 3306, 53.33, 2.68, 4251, 31904, 13.3243
2025/03/18 03:43:01.925, 0, 0, 12288, 3306, 39.94, 6.02, 4243, 31904, 13.2993
2025/03/18 03:43:03.965, 70, 40, 12288, 3306, 142.86, 6.16, 4253, 31904, 13.3306
2025/03/18 03:43:06.021, 0, 0, 12288, 3306, 44.36, 2.03, 4254, 31904, 13.3338
2025/03/18 03:43:08.073, 49, 48, 12288, 3306, 54.32, 8.43, 4237, 31904, 13.2805
2025/03/18 03:43:10.113, 0, 0, 12288, 3306, 60.25, 2.27, 4248, 31904, 13.3149
2025/03/18 03:43:12.169, 0, 0, 12288, 3306, 42.00, 7.57, 4247, 31904, 13.3118
2025/03/18 03:43:14.209, 12, 3, 12288, 3306, 124.25, 5.09, 4255, 31904, 13.3369
2025/03/18 03:43:16.262, 0, 0, 12288, 3306, 42.92, 3.09, 4248, 31904, 13.3149
2025/03/18 03:43:18.313, 100, 84, 12288, 3306, 62.14, 8.42, 4240, 31904, 13.2899
2025/03/18 03:43:20.357, 0, 0, 12288, 3306, 58.01, 2.27, 4239, 31904, 13.2867
2025/03/18 03:43:22.437, 0, 0, 12288, 3306, 41.77, 7.72, 4242, 31904, 13.2961
2025/03/18 03:43:24.477, 0, 0, 12288, 3306, 112.54, 3.61, 4249, 31904, 13.3181
2025/03/18 03:43:26.534, 0, 0, 12288, 3306, 44.35, 2.35, 4248, 31904, 13.3149
2025/03/18 03:43:28.585, 100, 84, 12288, 3306, 78.04, 8.58, 4238, 31904, 13.2836
2025/03/18 03:43:30.637, 0, 0, 12288, 3306, 44.92, 2.35, 4249, 31904, 13.3181
2025/03/18 03:43:32.717, 0, 0, 12288, 3306, 40.39, 9.33, 4249, 31904, 13.3181
2025/03/18 03:43:34.757, 0, 0, 12288, 3306, 90.28, 2.43, 4253, 31904, 13.3306
2025/03/18 03:43:36.813, 0, 0, 12288, 3306, 43.90, 2.85, 4252, 31904, 13.3275
2025/03/18 03:43:38.865, 100, 72, 12288, 3306, 114.67, 8.25, 4246, 31904, 13.3087
2025/03/18 03:43:40.942, 0, 0, 12288, 3306, 54.37, 2.27, 4247, 31904, 13.3118
2025/03/18 03:43:42.994, 0, 0, 12288, 3306, 41.81, 9.58, 4233, 31904, 13.2679
2025/03/18 03:43:45.064, 0, 0, 12288, 3306, 67.72, 2.43, 4237, 31904, 13.2805
2025/03/18 03:43:47.153, 0, 0, 12288, 3306, 41.78, 4.47, 4243, 31904, 13.2993
2025/03/18 03:43:49.193, 88, 53, 12288, 3306, 144.03, 6.69, 4249, 31904, 13.3181
2025/03/18 03:43:51.276, 0, 0, 12288, 3306, 44.35, 2.19, 4250, 31904, 13.3212
2025/03/18 03:43:53.325, 61, 60, 12288, 3306, 48.68, 8.35, 4240, 31904, 13.2899
2025/03/18 03:43:55.373, 0, 0, 12288, 3306, 57.58, 2.1, 4245, 31904, 13.3055
2025/03/18 03:43:57.445, 0, 0, 12288, 3306, 42.04, 6.44, 4236, 31904, 13.2773
2025/03/18 03:43:59.485, 0, 0, 12288, 3306, 132.24, 5.36, 4236, 31904, 13.2773
2025/03/18 03:44:01.549, 0, 0, 12288, 3295, 44.90, 2.1, 4243, 31904, 13.2993
2025/03/18 03:44:03.601, 100, 93, 12288, 3295, 61.07, 8.51, 4234, 31904, 13.2711
2025/03/18 03:44:05.649, 0, 0, 12288, 3295, 44.93, 2.59, 4237, 31904, 13.2805
2025/03/18 03:44:07.713, 0, 0, 12288, 3295, 39.82, 7.83, 4231, 31904, 13.2617
2025/03/18 03:44:09.753, 0, 0, 12288, 3295, 118.96, 3.95, 4234, 31904, 13.2711
2025/03/18 03:44:11.809, 0, 0, 12288, 3295, 43.95, 2.68, 4231, 31904, 13.2617
2025/03/18 03:44:13.861, 100, 85, 12288, 3295, 73.00, 8.51, 4232, 31904, 13.2648
2025/03/18 03:44:15.905, 0, 0, 12288, 3295, 51.98, 2.76, 4241, 31904, 13.293
2025/03/18 03:44:17.990, 0, 0, 12288, 3295, 42.10, 8.76, 4239, 31904, 13.2867
2025/03/18 03:44:20.029, 0, 0, 12288, 3295, 96.11, 3.35, 4237, 31904, 13.2805
2025/03/18 03:44:22.085, 0, 0, 12288, 3316, 41.96, 2.84, 4240, 31904, 13.2899
2025/03/18 03:44:24.137, 100, 68, 12288, 3306, 106.82, 8.66, 4246, 31904, 13.3087
2025/03/18 03:44:26.189, 3, 0, 12288, 3306, 45.21, 2.61, 4248, 31904, 13.3149
2025/03/18 03:44:28.257, 0, 0, 12288, 3306, 39.94, 10.25, 4235, 31904, 13.2742
2025/03/18 03:44:30.293, 0, 0, 12288, 3306, 82.08, 3.63, 4241, 31904, 13.293
2025/03/18 03:44:32.373, 0, 0, 12288, 3306, 40.99, 2.36, 4237, 31904, 13.2805
2025/03/18 03:44:34.413, 99, 64, 12288, 3306, 122.16, 8.33, 4227, 31904, 13.2491
2025/03/18 03:44:36.488, 2, 0, 12288, 3306, 45.22, 2.44, 4244, 31904, 13.3024
2025/03/18 03:44:38.538, 1, 0, 12288, 3306, 39.95, 9.85, 4239, 31904, 13.2867
2025/03/18 03:44:40.589, 0, 0, 12288, 3306, 67.34, 3.86, 4244, 31904, 13.3024
2025/03/18 03:44:42.674, 0, 0, 12288, 3306, 40.05, 4.03, 4300, 31904, 13.4779
2025/03/18 03:44:44.721, 88, 53, 12288, 3306, 135.11, 7.77, 4238, 31904, 13.2836
2025/03/18 03:44:46.781, 1, 0, 12288, 3306, 44.76, 2.36, 4243, 31904, 13.2993
2025/03/18 03:44:48.833, 2, 1, 12288, 3306, 39.99, 8.99, 4231, 31904, 13.2617
2025/03/18 03:44:50.884, 4, 0, 12288, 3306, 54.43, 4.03, 4247, 31904, 13.3118
2025/03/18 03:44:52.945, 0, 0, 12288, 3306, 40.00, 6.11, 4253, 31904, 13.3306
2025/03/18 03:44:54.985, 88, 53, 12288, 3306, 145.32, 6.93, 4253, 31904, 13.3306
2025/03/18 03:44:57.049, 0, 0, 12288, 3306, 44.73, 3.26, 4255, 31904, 13.3369
2025/03/18 03:44:59.126, 71, 66, 12288, 3306, 49.70, 8.68, 4250, 31904, 13.3212
2025/03/18 03:45:01.177, 2, 0, 12288, 3306, 45.22, 3.7, 4251, 31904, 13.3243
2025/03/18 03:45:03.233, 0, 0, 12288, 3306, 39.96, 6.78, 4254, 31904, 13.3338
2025/03/18 03:45:05.273, 25, 10, 12288, 3306, 136.12, 6.68, 4263, 31904, 13.362
2025/03/18 03:45:07.337, 0, 0, 12288, 3306, 43.42, 2.28, 4258, 31904, 13.3463
2025/03/18 03:45:09.410, 93, 85, 12288, 3306, 63.32, 8.92, 4240, 31904, 13.2899
2025/03/18 03:45:11.477, 3, 0, 12288, 3306, 45.19, 3.27, 4243, 31904, 13.2993
2025/03/18 03:45:13.545, 0, 0, 12288, 3306, 39.99, 7.62, 4239, 31904, 13.2867
2025/03/18 03:45:15.585, 12, 3, 12288, 3306, 124.16, 6.03, 4239, 31904, 13.2867
2025/03/18 03:45:17.653, 0, 0, 12288, 3306, 42.44, 2.52, 4247, 31904, 13.3118
2025/03/18 03:45:19.705, 100, 81, 12288, 3306, 72.82, 8.74, 4256, 31904, 13.34
2025/03/18 03:45:21.753, 3, 1, 12288, 3306, 45.14, 2.52, 4256, 31904, 13.34
2025/03/18 03:45:23.810, 0, 0, 12288, 3306, 39.90, 8.29, 4250, 31904, 13.3212
2025/03/18 03:45:25.849, 0, 0, 12288, 3306, 119.65, 5.43, 4260, 31904, 13.3526
2025/03/18 03:45:27.902, 0, 0, 12288, 3306, 42.43, 2.35, 4265, 31904, 13.3682
2025/03/18 03:45:29.949, 100, 82, 12288, 3306, 92.25, 8.67, 4252, 31904, 13.3275
2025/03/18 03:45:31.997, 3, 0, 12288, 3306, 45.11, 2.44, 4254, 31904, 13.3338
2025/03/18 03:45:34.085, 0, 0, 12288, 3306, 39.95, 9.08, 4241, 31904, 13.293
2025/03/18 03:45:36.125, 0, 0, 12288, 3306, 105.74, 5.11, 4253, 31904, 13.3306
2025/03/18 03:45:38.182, 0, 0, 12288, 3306, 41.92, 2.35, 4246, 31904, 13.3087
2025/03/18 03:45:40.253, 100, 69, 12288, 3306, 106.88, 8.57, 4237, 31904, 13.2805
2025/03/18 03:45:42.333, 3, 1, 12288, 3306, 45.22, 2.11, 4241, 31904, 13.293
2025/03/18 03:45:44.390, 0, 0, 12288, 3306, 39.97, 10.15, 4243, 31904, 13.2993
2025/03/18 03:45:46.449, 0, 0, 12288, 3306, 83.11, 4.29, 4254, 31904, 13.3338
2025/03/18 03:45:48.506, 0, 0, 12288, 3306, 41.49, 2.35, 4259, 31904, 13.3494
2025/03/18 03:45:50.557, 100, 65, 12288, 3306, 91.90, 8.51, 4254, 31904, 13.3338
2025/03/18 03:45:52.597, 3, 0, 12288, 3306, 45.28, 2.03, 4262, 31904, 13.3588
2025/03/18 03:45:54.669, 0, 0, 12288, 3306, 40.02, 10.31, 4244, 31904, 13.3024
2025/03/18 03:45:56.721, 0, 0, 12288, 3306, 79.88, 4.29, 4255, 31904, 13.3369
2025/03/18 03:45:58.785, 0, 0, 12288, 3306, 40.16, 3.84, 4262, 31904, 13.3588
2025/03/18 03:46:00.825, 100, 63, 12288, 3306, 123.48, 8.1, 4259, 31904, 13.3494
2025/03/18 03:46:02.881, 1, 0, 12288, 3306, 45.24, 2.27, 4259, 31904, 13.3494
2025/03/18 03:46:04.934, 1, 0, 12288, 3306, 39.97, 10.13, 4253, 31904, 13.3306
2025/03/18 03:46:06.989, 0, 0, 12288, 3306, 65.93, 4.02, 4255, 31904, 13.3369
2025/03/18 03:46:09.061, 0, 0, 12288, 3306, 40.04, 5.63, 4250, 31904, 13.3212
2025/03/18 03:46:11.101, 88, 53, 12288, 3306, 138.45, 7.44, 4251, 31904, 13.3243
2025/03/18 03:46:13.169, 1, 0, 12288, 3306, 44.86, 2.61, 4263, 31904, 13.362
2025/03/18 03:46:15.221, 2, 1, 12288, 3306, 41.08, 8.51, 4259, 31904, 13.3494
2025/03/18 03:46:17.269, 3, 0, 12288, 3306, 52.08, 3.69, 4264, 31904, 13.3651
2025/03/18 03:46:19.337, 0, 0, 12288, 3306, 40.04, 6.35, 4248, 31904, 13.3149
2025/03/18 03:46:21.377, 88, 54, 12288, 3306, 144.85, 6.78, 4251, 31904, 13.3243
2025/03/18 03:46:23.440, 0, 0, 12288, 3306, 43.44, 2.27, 4256, 31904, 13.34
2025/03/18 03:46:25.489, 78, 72, 12288, 3306, 50.59, 8.85, 4255, 31904, 13.3369
2025/03/18 03:46:27.537, 3, 0, 12288, 3306, 45.21, 3.04, 4262, 31904, 13.3588
2025/03/18 03:46:29.605, 0, 0, 12288, 3306, 39.94, 6.16, 4256, 31904, 13.34
2025/03/18 03:46:31.645, 22, 7, 12288, 3306, 135.88, 6.34, 4259, 31904, 13.3494
2025/03/18 03:46:33.725, 2, 0, 12288, 3306, 43.44, 2.53, 4262, 31904, 13.3588
2025/03/18 03:46:35.777, 91, 84, 12288, 3306, 63.02, 8.61, 4254, 31904, 13.3338
2025/03/18 03:46:37.841, 2, 0, 12288, 3306, 45.11, 3.45, 4258, 31904, 13.3463
2025/03/18 03:46:39.893, 0, 0, 12288, 3306, 40.02, 6.89, 4246, 31904, 13.3087
2025/03/18 03:46:41.934, 13, 3, 12288, 3306, 124.07, 5.29, 4246, 31904, 13.3087
2025/03/18 03:46:44.017, 0, 0, 12288, 3306, 42.96, 2.75, 4253, 31904, 13.3306
2025/03/18 03:46:46.069, 100, 81, 12288, 3306, 78.16, 8.58, 4254, 31904, 13.3338
2025/03/18 03:46:48.117, 2, 0, 12288, 3306, 45.15, 3.02, 4262, 31904, 13.3588
2025/03/18 03:46:50.185, 0, 0, 12288, 3306, 40.09, 8.2, 4251, 31904, 13.3243
2025/03/18 03:46:52.225, 0, 0, 12288, 3306, 109.67, 5.2, 4251, 31904, 13.3243
2025/03/18 03:46:54.289, 0, 0, 12288, 3306, 42.47, 2.51, 4257, 31904, 13.3432
2025/03/18 03:46:56.341, 100, 81, 12288, 3306, 92.84, 8.67, 4253, 31904, 13.3306
2025/03/18 03:46:58.417, 2, 0, 12288, 3306, 45.17, 2.78, 4253, 31904, 13.3306
2025/03/18 03:47:00.493, 0, 0, 12288, 3306, 40.06, 9.65, 4257, 31904, 13.3432
2025/03/18 03:47:02.533, 0, 0, 12288, 3306, 93.13, 4.36, 4257, 31904, 13.3432
2025/03/18 03:47:04.590, 0, 0, 12288, 3306, 41.98, 2.27, 4258, 31904, 13.3463
2025/03/18 03:47:06.641, 100, 64, 12288, 3306, 111.86, 8.35, 4256, 31904, 13.34
2025/03/18 03:47:08.709, 2, 0, 12288, 3306, 45.22, 2.68, 4257, 31904, 13.3432
2025/03/18 03:47:10.786, 0, 0, 12288, 3306, 40.05, 10.62, 4253, 31904, 13.3306
2025/03/18 03:47:12.833, 0, 0, 12288, 3306, 76.18, 3.79, 4261, 31904, 13.3557
2025/03/18 03:47:14.890, 0, 0, 12288, 3306, 40.62, 4.33, 4265, 31904, 13.3682
2025/03/18 03:47:16.929, 99, 58, 12288, 3306, 130.58, 8.23, 4263, 31904, 13.362
2025/03/18 03:47:19.017, 0, 0, 12288, 3306, 45.14, 2.27, 4260, 31904, 13.3526
2025/03/18 03:47:21.073, 2, 1, 12288, 3306, 39.99, 8.99, 4256, 31904, 13.34
2025/03/18 03:47:23.149, 1, 0, 12288, 3306, 58.27, 3.86, 4258, 31904, 13.3463
2025/03/18 03:47:25.206, 0, 0, 12288, 3306, 40.21, 5.77, 4257, 31904, 13.3432
2025/03/18 03:47:27.245, 83, 53, 12288, 3306, 147.29, 6.93, 4259, 31904, 13.3494
2025/03/18 03:47:29.301, 0, 0, 12288, 3306, 44.38, 2.77, 4262, 31904, 13.3588
2025/03/18 03:47:31.353, 26, 20, 12288, 3306, 50.15, 8.84, 4262, 31904, 13.3588
2025/03/18 03:47:33.401, 3, 0, 12288, 3306, 49.79, 3.93, 4258, 31904, 13.3463
2025/03/18 03:47:35.465, 0, 0, 12288, 3306, 40.08, 6.08, 4262, 31904, 13.3588
2025/03/18 03:47:37.505, 71, 41, 12288, 3306, 143.22, 6.61, 4264, 31904, 13.3651
2025/03/18 03:47:39.566, 0, 0, 12288, 3306, 43.93, 2.27, 4261, 31904, 13.3557
2025/03/18 03:47:41.617, 100, 86, 12288, 3306, 66.40, 8.83, 4256, 31904, 13.34
2025/03/18 03:47:43.689, 3, 0, 12288, 3306, 45.20, 2.77, 4265, 31904, 13.3682
2025/03/18 03:47:45.749, 0, 0, 12288, 3306, 39.94, 8.2, 4258, 31904, 13.3463
2025/03/18 03:47:47.789, 35, 16, 12288, 3306, 129.54, 5.87, 4256, 31904, 13.34
2025/03/18 03:47:49.845, 0, 0, 12288, 3306, 42.42, 2.68, 4258, 31904, 13.3463
2025/03/18 03:47:51.897, 100, 81, 12288, 3306, 68.27, 8.67, 4263, 31904, 13.362
2025/03/18 03:47:53.961, 3, 1, 12288, 3306, 45.24, 3.19, 4271, 31904, 13.387
2025/03/18 03:47:56.041, 0, 0, 12288, 3306, 40.10, 9, 4268, 31904, 13.3776
2025/03/18 03:47:58.081, 0, 0, 12288, 3306, 114.33, 4.63, 4268, 31904, 13.3776
2025/03/18 03:48:00.137, 0, 0, 12288, 3306, 42.06, 2.77, 4275, 31904, 13.3996
2025/03/18 03:48:02.189, 100, 82, 12288, 3306, 89.35, 8.66, 4267, 31904, 13.3745
2025/03/18 03:48:04.241, 3, 0, 12288, 3306, 45.23, 2.36, 4276, 31904, 13.4027
2025/03/18 03:48:06.325, 0, 0, 12288, 3306, 40.00, 9.59, 4268, 31904, 13.3776
2025/03/18 03:48:08.365, 0, 0, 12288, 3306, 96.48, 4.21, 4272, 31904, 13.3902
2025/03/18 03:48:10.421, 0, 0, 12288, 3306, 41.56, 2.52, 4281, 31904, 13.4184
2025/03/18 03:48:12.473, 100, 67, 12288, 3306, 107.48, 8.5, 4276, 31904, 13.4027
2025/03/18 03:48:14.521, 3, 0, 12288, 3306, 45.29, 2.52, 4281, 31904, 13.4184
2025/03/18 03:48:16.577, 0, 0, 12288, 3306, 40.07, 10.57, 4264, 31904, 13.3651
2025/03/18 03:48:18.621, 0, 0, 12288, 3306, 80.82, 4.04, 4264, 31904, 13.3651
2025/03/18 03:48:20.681, 0, 0, 12288, 3306, 41.56, 2.85, 4279, 31904, 13.4121
2025/03/18 03:48:22.721, 100, 61, 12288, 3306, 132.62, 8.24, 4275, 31904, 13.3996
2025/03/18 03:48:24.777, 3, 0, 12288, 3306, 45.32, 2.19, 4273, 31904, 13.3933
2025/03/18 03:48:26.850, 2, 1, 12288, 3306, 40.14, 9.85, 4270, 31904, 13.3839
2025/03/18 03:48:28.901, 1, 0, 12288, 3306, 61.83, 3.87, 4271, 31904, 13.387
2025/03/18 03:48:30.957, 0, 0, 12288, 3306, 40.22, 5.02, 4375, 31904, 13.713
2025/03/18 03:48:32.997, 88, 53, 12288, 3306, 140.43, 7.67, 4270, 31904, 13.3839
2025/03/18 03:48:35.077, 1, 0, 12288, 3306, 45.27, 2.19, 4272, 31904, 13.3902
2025/03/18 03:48:37.129, 2, 1, 12288, 3306, 43.60, 8.89, 4275, 31904, 13.3996
2025/03/18 03:48:39.205, 3, 0, 12288, 3306, 48.92, 3.51, 4270, 31904, 13.3839
2025/03/18 03:48:41.277, 0, 0, 12288, 3306, 40.06, 6.68, 4271, 31904, 13.387
2025/03/18 03:48:43.317, 83, 51, 12288, 3306, 143.37, 6.47, 4272, 31904, 13.3902
2025/03/18 03:48:45.377, 0, 0, 12288, 3306, 43.92, 3.09, 4278, 31904, 13.409
2025/03/18 03:48:47.429, 100, 94, 12288, 3306, 55.01, 8.59, 4274, 31904, 13.3964
2025/03/18 03:48:49.501, 3, 0, 12288, 3306, 45.24, 3.2, 4278, 31904, 13.409
2025/03/18 03:48:51.566, 0, 0, 12288, 3306, 40.17, 7.58, 4267, 31904, 13.3745
2025/03/18 03:48:53.605, 0, 0, 12288, 3306, 130.46, 6.28, 4277, 31904, 13.4058
2025/03/18 03:48:55.673, 0, 0, 12288, 3306, 43.46, 2.35, 4280, 31904, 13.4152
2025/03/18 03:48:57.725, 100, 90, 12288, 3306, 71.25, 8.6, 4266, 31904, 13.3714
2025/03/18 03:48:59.773, 3, 0, 12288, 3306, 45.22, 3.05, 4276, 31904, 13.4027
2025/03/18 03:49:01.833, 0, 0, 12288, 3305, 39.95, 8.87, 4265, 31904, 13.3682
2025/03/18 03:49:03.873, 0, 0, 12288, 3305, 126.23, 5.45, 4269, 31904, 13.3808
2025/03/18 03:49:05.949, 0, 0, 12288, 3305, 42.91, 2.68, 4277, 31904, 13.4058
2025/03/18 03:49:08.021, 100, 81, 12288, 3305, 88.21, 8.54, 4273, 31904, 13.3933
2025/03/18 03:49:10.073, 3, 0, 12288, 3305, 45.22, 3.11, 4277, 31904, 13.4058
2025/03/18 03:49:12.129, 0, 0, 12288, 3305, 40.01, 8.69, 4274, 31904, 13.3964
2025/03/18 03:49:14.169, 0, 0, 12288, 3305, 110.52, 5.11, 4277, 31904, 13.4058
2025/03/18 03:49:16.254, 0, 0, 12288, 3305, 42.40, 2.44, 4280, 31904, 13.4152
2025/03/18 03:49:18.325, 100, 81, 12288, 3305, 101.93, 8.74, 4280, 31904, 13.4152
2025/03/18 03:49:20.393, 3, 0, 12288, 3305, 45.23, 2.36, 4273, 31904, 13.3933
2025/03/18 03:49:22.477, 0, 0, 12288, 3305, 40.00, 10.34, 4271, 31904, 13.387
2025/03/18 03:49:24.517, 0, 0, 12288, 3305, 88.05, 3.79, 4274, 31904, 13.3964
2025/03/18 03:49:26.589, 0, 0, 12288, 3305, 40.58, 2.44, 4273, 31904, 13.3933
2025/03/18 03:49:28.641, 99, 61, 12288, 3305, 115.35, 8.42, 4259, 31904, 13.3494
2025/03/18 03:49:30.705, 3, 0, 12288, 3305, 45.23, 2.68, 4269, 31904, 13.3808
2025/03/18 03:49:32.757, 0, 0, 12288, 3305, 39.93, 9.76, 4267, 31904, 13.3745
2025/03/18 03:49:34.801, 1, 0, 12288, 3305, 72.50, 4.19, 4267, 31904, 13.3745
2025/03/18 03:49:36.862, 0, 0, 12288, 3305, 40.58, 3.44, 4276, 31904, 13.4027
2025/03/18 03:49:38.901, 99, 58, 12288, 3305, 132.82, 8.09, 4266, 31904, 13.3714
2025/03/18 03:49:40.965, 3, 0, 12288, 3305, 45.22, 2.52, 4274, 31904, 13.3964
2025/03/18 03:49:43.019, 2, 1, 12288, 3305, 40.07, 9.42, 4266, 31904, 13.3714
2025/03/18 03:49:45.061, 1, 0, 12288, 3305, 68.91, 3.54, 4277, 31904, 13.4058
2025/03/18 03:49:47.121, 0, 0, 12288, 3305, 40.14, 5.11, 4264, 31904, 13.3651
2025/03/18 03:49:49.161, 100, 61, 12288, 3305, 142.44, 7.44, 4264, 31904, 13.3651
2025/03/18 03:49:51.241, 0, 0, 12288, 3305, 44.38, 2.27, 4270, 31904, 13.3839
2025/03/18 03:49:53.293, 3, 1, 12288, 3305, 44.47, 8.67, 4268, 31904, 13.3776
2025/03/18 03:49:55.334, 2, 0, 12288, 3305, 57.09, 3.37, 4278, 31904, 13.409
2025/03/18 03:49:57.393, 0, 0, 12288, 3305, 40.17, 6.11, 4265, 31904, 13.3682
2025/03/18 03:49:59.433, 83, 52, 12288, 3305, 145.99, 6.55, 4266, 31904, 13.3714
2025/03/18 03:50:01.497, 0, 0, 12288, 3305, 43.89, 2.6, 4269, 31904, 13.3808
2025/03/18 03:50:03.549, 4, 1, 12288, 3305, 46.35, 8.75, 4270, 31904, 13.3839
2025/03/18 03:50:05.617, 3, 0, 12288, 3305, 47.35, 3.52, 4273, 31904, 13.3933
2025/03/18 03:50:07.697, 0, 0, 12288, 3305, 40.07, 6.62, 4268, 31904, 13.3776
2025/03/18 03:50:09.737, 81, 51, 12288, 3305, 142.84, 6.53, 4277, 31904, 13.4058
2025/03/18 03:50:11.829, 0, 0, 12288, 3305, 43.42, 2.28, 4279, 31904, 13.4121
2025/03/18 03:50:13.881, 100, 93, 12288, 3305, 65.34, 8.74, 4280, 31904, 13.4152
2025/03/18 03:50:15.921, 3, 0, 12288, 3305, 45.24, 3.35, 4284, 31904, 13.4278
2025/03/18 03:50:18.009, 0, 0, 12288, 3305, 40.03, 7.05, 4269, 31904, 13.3808
2025/03/18 03:50:20.049, 10, 2, 12288, 3305, 133.20, 5.79, 4270, 31904, 13.3839
2025/03/18 03:50:22.109, 0, 0, 12288, 3305, 43.00, 2.43, 4281, 31904, 13.4184
2025/03/18 03:50:24.161, 100, 81, 12288, 3305, 71.98, 8.75, 4279, 31904, 13.4121
2025/03/18 03:50:26.213, 3, 1, 12288, 3305, 45.23, 3.42, 4279, 31904, 13.4121
2025/03/18 03:50:28.273, 0, 0, 12288, 3305, 40.07, 8.16, 4274, 31904, 13.3964
2025/03/18 03:50:30.313, 3, 1, 12288, 3305, 122.02, 5.29, 4279, 31904, 13.4121
2025/03/18 03:50:32.369, 0, 0, 12288, 3305, 42.51, 2.02, 4278, 31904, 13.409
2025/03/18 03:50:34.421, 100, 81, 12288, 3305, 77.81, 8.81, 4275, 31904, 13.3996
2025/03/18 03:50:36.469, 3, 0, 12288, 3305, 45.22, 2.61, 4277, 31904, 13.4058
2025/03/18 03:50:38.534, 0, 0, 12288, 3305, 40.12, 8.59, 4278, 31904, 13.409
2025/03/18 03:50:40.573, 0, 0, 12288, 3305, 113.94, 4.97, 4274, 31904, 13.3964
2025/03/18 03:50:42.657, 0, 0, 12288, 3305, 42.12, 2.27, 4276, 31904, 13.4027
2025/03/18 03:50:44.729, 100, 82, 12288, 3305, 85.96, 8.67, 4275, 31904, 13.3996
2025/03/18 03:50:46.777, 3, 0, 12288, 3305, 45.27, 2.85, 4273, 31904, 13.3933
2025/03/18 03:50:48.841, 0, 0, 12288, 3305, 40.09, 8.84, 4269, 31904, 13.3808
2025/03/18 03:50:50.881, 0, 0, 12288, 3305, 104.65, 5.03, 4269, 31904, 13.3808
2025/03/18 03:50:52.949, 0, 0, 12288, 3305, 41.64, 2.1, 4263, 31904, 13.362
2025/03/18 03:50:55.001, 100, 80, 12288, 3305, 81.00, 8.51, 4259, 31904, 13.3494
2025/03/18 03:50:57.053, 3, 0, 12288, 3305, 45.34, 2.69, 4263, 31904, 13.362
2025/03/18 03:50:59.117, 0, 0, 12288, 3305, 40.12, 9.88, 4264, 31904, 13.3651
2025/03/18 03:51:01.157, 0, 0, 12288, 3305, 95.29, 4.71, 4273, 31904, 13.3933
2025/03/18 03:51:03.237, 0, 0, 12288, 3305, 41.13, 3.08, 4263, 31904, 13.362
2025/03/18 03:51:05.289, 100, 80, 12288, 3305, 105.29, 8.51, 4264, 31904, 13.3651
2025/03/18 03:51:07.357, 4, 0, 12288, 3305, 45.32, 2.76, 4262, 31904, 13.3588
2025/03/18 03:51:09.425, 0, 0, 12288, 3305, 40.09, 10.02, 4256, 31904, 13.34
2025/03/18 03:51:11.485, 0, 0, 12288, 3305, 85.75, 3.47, 4255, 31904, 13.3369
2025/03/18 03:51:13.553, 0, 0, 12288, 3305, 40.69, 2.68, 4264, 31904, 13.3651
2025/03/18 03:51:15.605, 99, 61, 12288, 3305, 116.32, 8.43, 4267, 31904, 13.3745
2025/03/18 03:51:17.681, 4, 0, 12288, 3305, 45.30, 3.01, 4271, 31904, 13.387
2025/03/18 03:51:19.734, 2, 0, 12288, 3305, 40.10, 9.82, 4260, 31904, 13.3526
2025/03/18 03:51:21.779, 1, 0, 12288, 3305, 77.03, 3.55, 4261, 31904, 13.3557
2025/03/18 03:51:23.845, 0, 0, 12288, 3305, 40.14, 3.02, 4266, 31904, 13.3714
2025/03/18 03:51:25.905, 99, 62, 12288, 3305, 132.83, 8.17, 4263, 31904, 13.362
2025/03/18 03:51:27.989, 3, 1, 12288, 3305, 45.38, 2.53, 4260, 31904, 13.3526
2025/03/18 03:51:30.042, 3, 0, 12288, 3305, 40.32, 10.01, 4263, 31904, 13.362
2025/03/18 03:51:32.097, 0, 0, 12288, 3305, 69.38, 3.86, 4264, 31904, 13.3651
2025/03/18 03:51:34.157, 0, 0, 12288, 3305, 40.70, 3.94, 4278, 31904, 13.409
2025/03/18 03:51:36.197, 91, 53, 12288, 3305, 131.52, 8, 4268, 31904, 13.3776
2025/03/18 03:51:38.261, 2, 0, 12288, 3305, 44.91, 2.68, 4274, 31904, 13.3964
2025/03/18 03:51:40.314, 0, 0, 12288, 3305, 40.10, 8.7, 4264, 31904, 13.3651
2025/03/18 03:51:42.381, 3, 0, 12288, 3305, 60.90, 3.44, 4276, 31904, 13.4027
2025/03/18 03:51:44.441, 0, 0, 12288, 3305, 40.15, 5.5, 4283, 31904, 13.4246
2025/03/18 03:51:46.481, 93, 54, 12288, 3305, 141.44, 8.06, 4282, 31904, 13.4215
2025/03/18 03:51:48.538, 0, 0, 12288, 3305, 44.42, 2.85, 4275, 31904, 13.3996
2025/03/18 03:51:50.589, 13, 6, 12288, 3305, 41.41, 8.6, 4273, 31904, 13.3933
2025/03/18 03:51:52.656, 3, 1, 12288, 3305, 51.89, 3.93, 4284, 31904, 13.4278
2025/03/18 03:51:54.741, 0, 0, 12288, 3305, 40.22, 6.28, 4281, 31904, 13.4184
2025/03/18 03:51:56.781, 90, 54, 12288, 3305, 146.49, 6.93, 4277, 31904, 13.4058
2025/03/18 03:51:58.853, 0, 0, 12288, 3305, 44.06, 2.19, 4285, 31904, 13.4309
2025/03/18 03:52:00.905, 10, 3, 12288, 3305, 47.72, 8.67, 4284, 31904, 13.4278
2025/03/18 03:52:02.957, 3, 0, 12288, 3305, 45.94, 2.3, 4285, 31904, 13.4309
2025/03/18 03:52:05.014, 0, 0, 12288, 3305, 40.20, 6.69, 4279, 31904, 13.4121
2025/03/18 03:52:07.053, 86, 54, 12288, 3305, 141.36, 6.61, 4281, 31904, 13.4184
2025/03/18 03:52:09.110, 0, 0, 12288, 3305, 43.99, 2.44, 4290, 31904, 13.4466
2025/03/18 03:52:11.161, 100, 94, 12288, 3305, 54.61, 8.58, 4278, 31904, 13.409
2025/03/18 03:52:13.221, 3, 0, 12288, 3305, 45.31, 3.28, 4284, 31904, 13.4278
2025/03/18 03:52:15.289, 0, 0, 12288, 3305, 40.14, 7.35, 4277, 31904, 13.4058
2025/03/18 03:52:17.329, 0, 0, 12288, 3305, 131.18, 5.65, 4280, 31904, 13.4152
2025/03/18 03:52:19.393, 0, 0, 12288, 3305, 43.53, 2.68, 4284, 31904, 13.4278
2025/03/18 03:52:21.445, 100, 92, 12288, 3305, 68.41, 8.75, 4279, 31904, 13.4121
2025/03/18 03:52:23.493, 3, 0, 12288, 3305, 45.32, 2.54, 4283, 31904, 13.4246
2025/03/18 03:52:25.573, 0, 0, 12288, 3305, 40.23, 7.94, 4277, 31904, 13.4058
2025/03/18 03:52:27.613, 0, 0, 12288, 3305, 120.37, 5.71, 4280, 31904, 13.4152
2025/03/18 03:52:29.697, 0, 0, 12288, 3305, 43.03, 2.6, 4280, 31904, 13.4152
2025/03/18 03:52:31.749, 100, 81, 12288, 3305, 79.79, 8.52, 4270, 31904, 13.3839
2025/03/18 03:52:33.797, 3, 0, 12288, 3305, 45.21, 2.95, 4273, 31904, 13.3933
2025/03/18 03:52:35.858, 0, 0, 12288, 3305, 40.08, 7.87, 4271, 31904, 13.387
2025/03/18 03:52:37.897, 0, 0, 12288, 3305, 119.79, 5.36, 4262, 31904, 13.3588
2025/03/18 03:52:39.941, 0, 0, 12288, 3305, 42.53, 2.19, 4270, 31904, 13.3839
2025/03/18 03:52:41.993, 100, 82, 12288, 3305, 71.39, 8.59, 4274, 31904, 13.3964
2025/03/18 03:52:44.033, 3, 1, 12288, 3305, 45.26, 2.78, 4282, 31904, 13.4215
2025/03/18 03:52:46.101, 0, 0, 12288, 3305, 40.04, 8.31, 4272, 31904, 13.3902
2025/03/18 03:52:48.141, 0, 0, 12288, 3305, 109.10, 5.04, 4284, 31904, 13.4278
2025/03/18 03:52:50.221, 0, 0, 12288, 3305, 42.06, 2.85, 4284, 31904, 13.4278
2025/03/18 03:52:52.273, 100, 81, 12288, 3305, 90.60, 8.35, 4267, 31904, 13.3745
2025/03/18 03:52:54.321, 3, 0, 12288, 3305, 45.23, 2.77, 4274, 31904, 13.3964
2025/03/18 03:52:56.381, 0, 0, 12288, 3305, 40.09, 9.19, 4280, 31904, 13.4152
2025/03/18 03:52:58.421, 0, 0, 12288, 3305, 99.20, 5.11, 4282, 31904, 13.4215
2025/03/18 03:53:00.493, 0, 0, 12288, 3305, 42.03, 2.85, 4279, 31904, 13.4121
2025/03/18 03:53:02.545, 100, 73, 12288, 3305, 100.94, 8.59, 4276, 31904, 13.4027
2025/03/18 03:53:04.593, 3, 1, 12288, 3305, 45.28, 2.85, 4283, 31904, 13.4246
2025/03/18 03:53:06.661, 0, 0, 12288, 3305, 40.06, 9.91, 4272, 31904, 13.3902
2025/03/18 03:53:08.701, 0, 0, 12288, 3305, 98.40, 4.54, 4284, 31904, 13.4278
2025/03/18 03:53:10.765, 0, 0, 12288, 3305, 41.53, 2.44, 4284, 31904, 13.4278
2025/03/18 03:53:12.818, 100, 73, 12288, 3305, 92.97, 8.42, 4287, 31904, 13.4372
2025/03/18 03:53:14.881, 3, 0, 12288, 3305, 45.26, 2.53, 4288, 31904, 13.4403
2025/03/18 03:53:16.941, 0, 0, 12288, 3305, 40.05, 9.63, 4282, 31904, 13.4215
2025/03/18 03:53:18.981, 0, 0, 12288, 3305, 89.61, 4.3, 4291, 31904, 13.4497
2025/03/18 03:53:21.054, 0, 0, 12288, 3305, 41.20, 2.6, 4282, 31904, 13.4215
2025/03/18 03:53:23.101, 99, 61, 12288, 3305, 121.66, 8.58, 4277, 31904, 13.4058
2025/03/18 03:53:25.175, 3, 0, 12288, 3305, 45.26, 2.11, 4274, 31904, 13.3964
2025/03/18 03:53:27.225, 0, 0, 12288, 3305, 39.98, 10.55, 4266, 31904, 13.3714
2025/03/18 03:53:29.263, 0, 0, 12288, 3305, 80.85, 3.79, 4273, 31904, 13.3933
2025/03/18 03:53:31.349, 0, 0, 12288, 3305, 40.63, 2.94, 4275, 31904, 13.3996
2025/03/18 03:53:33.385, 99, 59, 12288, 3305, 121.33, 8.1, 4266, 31904, 13.3714
2025/03/18 03:53:35.441, 4, 0, 12288, 3305, 45.29, 2.52, 4273, 31904, 13.3933
2025/03/18 03:53:37.494, 0, 0, 12288, 3305, 39.97, 9.68, 4257, 31904, 13.3432
2025/03/18 03:53:39.565, 1, 0, 12288, 3305, 70.40, 3.87, 4269, 31904, 13.3808
2025/03/18 03:53:41.622, 0, 0, 12288, 3305, 40.14, 3.45, 4272, 31904, 13.3902
2025/03/18 03:53:43.681, 99, 59, 12288, 3305, 131.28, 7.9, 4258, 31904, 13.3463
2025/03/18 03:53:45.745, 1, 0, 12288, 3305, 45.24, 2.52, 4276, 31904, 13.4027
2025/03/18 03:53:47.797, 2, 1, 12288, 3305, 42.78, 9.06, 4265, 31904, 13.3682
2025/03/18 03:53:49.857, 1, 0, 12288, 3305, 60.36, 3.7, 4265, 31904, 13.3682
2025/03/18 03:53:51.921, 0, 0, 12288, 3305, 40.09, 5.61, 4253, 31904, 13.3306
2025/03/18 03:53:53.961, 88, 56, 12288, 3305, 141.59, 7.12, 4262, 31904, 13.3588
2025/03/18 03:53:56.029, 0, 0, 12288, 3305, 43.93, 2.52, 4270, 31904, 13.3839
2025/03/18 03:53:58.081, 2, 1, 12288, 3305, 43.19, 8.83, 4264, 31904, 13.3651
2025/03/18 03:54:00.141, 3, 0, 12288, 3292, 49.71, 3.21, 4262, 31904, 13.3588
2025/03/18 03:54:02.221, 0, 0, 12288, 3292, 40.05, 6.38, 4264, 31904, 13.3651
2025/03/18 03:54:04.261, 88, 56, 12288, 3292, 144.15, 6.54, 4273, 31904, 13.3933
2025/03/18 03:54:06.337, 0, 0, 12288, 3292, 43.49, 3.09, 4276, 31904, 13.4027
2025/03/18 03:54:08.393, 75, 70, 12288, 3292, 60.03, 8.75, 4267, 31904, 13.3745
2025/03/18 03:54:10.445, 3, 0, 12288, 3292, 45.25, 3.04, 4272, 31904, 13.3902
2025/03/18 03:54:12.525, 0, 0, 12288, 3292, 40.09, 6.9, 4262, 31904, 13.3588
2025/03/18 03:54:14.565, 35, 16, 12288, 3292, 137.80, 6.52, 4263, 31904, 13.362
2025/03/18 03:54:16.641, 0, 0, 12288, 3292, 43.06, 2.76, 4270, 31904, 13.3839
2025/03/18 03:54:18.693, 100, 83, 12288, 3292, 70.51, 8.67, 4267, 31904, 13.3745
2025/03/18 03:54:20.761, 3, 0, 12288, 3292, 45.27, 3.43, 4276, 31904, 13.4027
2025/03/18 03:54:22.818, 0, 0, 12288, 3292, 40.05, 7.39, 4274, 31904, 13.3964
2025/03/18 03:54:24.857, 28, 11, 12288, 3292, 128.28, 5.86, 4280, 31904, 13.4152
2025/03/18 03:54:26.921, 0, 0, 12288, 3292, 42.51, 2.76, 4277, 31904, 13.4058
2025/03/18 03:54:28.977, 100, 82, 12288, 3292, 67.41, 8.6, 4278, 31904, 13.409
2025/03/18 03:54:31.018, 3, 1, 12288, 3292, 45.19, 2.7, 4278, 31904, 13.409
2025/03/18 03:54:33.105, 0, 0, 12288, 3292, 40.03, 8.35, 4278, 31904, 13.409
2025/03/18 03:54:35.145, 0, 0, 12288, 3292, 117.07, 5.13, 4275, 31904, 13.3996
2025/03/18 03:54:37.201, 0, 0, 12288, 3292, 41.99, 2.85, 4281, 31904, 13.4184
2025/03/18 03:54:39.253, 100, 82, 12288, 3292, 84.32, 8.52, 4274, 31904, 13.3964
2025/03/18 03:54:41.301, 2, 0, 12288, 3292, 45.16, 3.02, 4280, 31904, 13.4152
2025/03/18 03:54:43.357, 0, 0, 12288, 3292, 40.05, 9.37, 4283, 31904, 13.4246
2025/03/18 03:54:45.397, 0, 0, 12288, 3292, 105.82, 4.88, 4280, 31904, 13.4152
2025/03/18 03:54:47.457, 0, 0, 12288, 3292, 41.99, 2.19, 4278, 31904, 13.409
2025/03/18 03:54:49.509, 100, 80, 12288, 3292, 94.30, 8.44, 4278, 31904, 13.409
2025/03/18 03:54:51.557, 2, 0, 12288, 3292, 45.15, 2.44, 4281, 31904, 13.4184
2025/03/18 03:54:53.614, 0, 0, 12288, 3292, 40.01, 8.73, 4284, 31904, 13.4278
2025/03/18 03:54:55.653, 0, 0, 12288, 3292, 105.48, 5.51, 4286, 31904, 13.4341
2025/03/18 03:54:57.721, 0, 0, 12288, 3292, 41.49, 3.02, 4285, 31904, 13.4309
2025/03/18 03:54:59.774, 100, 80, 12288, 3292, 94.29, 8.66, 4283, 31904, 13.4246
2025/03/18 03:55:01.837, 2, 0, 12288, 3292, 45.19, 2.77, 4288, 31904, 13.4403
2025/03/18 03:55:03.905, 0, 0, 12288, 3292, 39.99, 9.62, 4284, 31904, 13.4278
2025/03/18 03:55:05.945, 0, 0, 12288, 3292, 97.29, 4.69, 4291, 31904, 13.4497
2025/03/18 03:55:08.030, 0, 0, 12288, 3292, 41.05, 2.44, 4290, 31904, 13.4466
2025/03/18 03:55:10.081, 99, 61, 12288, 3292, 114.47, 8.42, 4284, 31904, 13.4278
2025/03/18 03:55:12.155, 2, 0, 12288, 3292, 45.21, 2.11, 4285, 31904, 13.4309
2025/03/18 03:55:14.213, 0, 0, 12288, 3292, 40.00, 10.48, 4281, 31904, 13.4184
2025/03/18 03:55:16.253, 0, 0, 12288, 3292, 88.35, 3.21, 4285, 31904, 13.4309
2025/03/18 03:55:18.341, 2, 0, 12288, 3292, 40.72, 3.27, 4285, 31904, 13.4309
2025/03/18 03:55:20.381, 99, 62, 12288, 3292, 128.45, 8, 4289, 31904, 13.4435
2025/03/18 03:55:22.461, 2, 0, 12288, 3292, 45.13, 2.45, 4293, 31904, 13.456
2025/03/18 03:55:24.514, 2, 1, 12288, 3292, 40.04, 10.02, 4282, 31904, 13.4215
2025/03/18 03:55:26.585, 1, 0, 12288, 3292, 62.07, 3.86, 4282, 31904, 13.4215
2025/03/18 03:55:28.654, 0, 0, 12288, 3292, 40.12, 4.38, 4377, 31904, 13.7193
2025/03/18 03:55:30.693, 88, 53, 12288, 3292, 138.60, 7.77, 4278, 31904, 13.409
2025/03/18 03:55:32.753, 1, 0, 12288, 3292, 45.21, 2.6, 4280, 31904, 13.4152
2025/03/18 03:55:34.805, 2, 1, 12288, 3292, 40.11, 8.6, 4273, 31904, 13.3933
2025/03/18 03:55:36.876, 3, 0, 12288, 3292, 55.84, 3.94, 4275, 31904, 13.3996
2025/03/18 03:55:38.933, 0, 0, 12288, 3292, 40.10, 5.21, 4271, 31904, 13.387
2025/03/18 03:55:40.973, 88, 52, 12288, 3292, 145.35, 7.37, 4279, 31904, 13.4121
2025/03/18 03:55:43.033, 1, 0, 12288, 3292, 44.77, 2.6, 4278, 31904, 13.409
2025/03/18 03:55:45.085, 39, 34, 12288, 3292, 45.03, 8.9, 4275, 31904, 13.3996
2025/03/18 03:55:47.152, 3, 0, 12288, 3292, 56.97, 3.62, 4277, 31904, 13.4058
2025/03/18 03:55:49.214, 0, 0, 12288, 3292, 40.01, 5.4, 4276, 31904, 13.4027
2025/03/18 03:55:51.253, 88, 52, 12288, 3292, 144.45, 7.11, 4277, 31904, 13.4058
2025/03/18 03:55:53.321, 0, 0, 12288, 3292, 44.35, 2.52, 4280, 31904, 13.4152
2025/03/18 03:55:55.377, 27, 21, 12288, 3292, 50.21, 8.77, 4279, 31904, 13.4121
2025/03/18 03:55:57.445, 3, 0, 12288, 3292, 49.84, 3.6, 4278, 31904, 13.409
2025/03/18 03:55:59.513, 0, 0, 12288, 3292, 40.02, 6.22, 4273, 31904, 13.3933
2025/03/18 03:56:01.553, 90, 55, 12288, 3292, 145.60, 7.02, 4274, 31904, 13.3964
2025/03/18 03:56:03.629, 0, 0, 12288, 3292, 43.83, 2.19, 4280, 31904, 13.4152
2025/03/18 03:56:05.681, 100, 94, 12288, 3292, 55.73, 8.6, 4278, 31904, 13.409
2025/03/18 03:56:07.749, 3, 0, 12288, 3292, 45.67, 3.44, 4284, 31904, 13.4278
2025/03/18 03:56:09.810, 0, 0, 12288, 3292, 39.99, 6.86, 4282, 31904, 13.4215
2025/03/18 03:56:11.849, 84, 53, 12288, 3292, 141.70, 5.98, 4285, 31904, 13.4309
2025/03/18 03:56:13.913, 0, 0, 12288, 3292, 43.46, 2.19, 4286, 31904, 13.4341
2025/03/18 03:56:15.985, 97, 91, 12288, 3292, 62.67, 8.6, 4290, 31904, 13.4466
2025/03/18 03:56:18.052, 3, 0, 12288, 3292, 45.29, 2.87, 4287, 31904, 13.4372
2025/03/18 03:56:20.121, 0, 0, 12288, 3292, 40.08, 7.52, 4280, 31904, 13.4152
2025/03/18 03:56:22.161, 13, 3, 12288, 3292, 124.15, 6.11, 4281, 31904, 13.4184
2025/03/18 03:56:24.245, 0, 0, 12288, 3292, 42.99, 2.27, 4285, 31904, 13.4309
2025/03/18 03:56:26.297, 100, 81, 12288, 3292, 74.94, 8.67, 4279, 31904, 13.4121
2025/03/18 03:56:28.345, 3, 0, 12288, 3292, 45.22, 2.87, 4286, 31904, 13.4341
2025/03/18 03:56:30.405, 0, 0, 12288, 3292, 40.08, 8.22, 4275, 31904, 13.3996
2025/03/18 03:56:32.445, 20, 7, 12288, 3292, 125.79, 6.02, 4279, 31904, 13.4121
2025/03/18 03:56:34.529, 0, 0, 12288, 3292, 42.47, 2.44, 4286, 31904, 13.4341
2025/03/18 03:56:36.581, 100, 82, 12288, 3292, 81.91, 8.59, 4284, 31904, 13.4278
2025/03/18 03:56:38.629, 3, 0, 12288, 3292, 45.17, 3.43, 4285, 31904, 13.4309
2025/03/18 03:56:40.694, 0, 0, 12288, 3292, 39.93, 8.57, 4277, 31904, 13.4058
2025/03/18 03:56:42.733, 0, 0, 12288, 3292, 118.16, 5.76, 4286, 31904, 13.4341
2025/03/18 03:56:44.793, 0, 0, 12288, 3292, 41.99, 2.11, 4286, 31904, 13.4341
2025/03/18 03:56:46.845, 100, 84, 12288, 3292, 79.52, 8.67, 4286, 31904, 13.4341
2025/03/18 03:56:48.913, 3, 0, 12288, 3292, 45.17, 3.19, 4285, 31904, 13.4309
2025/03/18 03:56:50.977, 0, 0, 12288, 3292, 39.99, 8.78, 4279, 31904, 13.4121
2025/03/18 03:56:53.017, 0, 0, 12288, 3292, 111.32, 4.81, 4283, 31904, 13.4246
2025/03/18 03:56:55.073, 0, 0, 12288, 3292, 42.41, 2.43, 4284, 31904, 13.4278
2025/03/18 03:56:57.125, 100, 82, 12288, 3292, 87.11, 8.51, 4285, 31904, 13.4309
2025/03/18 03:56:59.193, 4, 0, 12288, 3292, 45.14, 3.1, 4292, 31904, 13.4529
2025/03/18 03:57:01.261, 0, 0, 12288, 3292, 40.01, 9.19, 4278, 31904, 13.409
2025/03/18 03:57:03.301, 0, 0, 12288, 3292, 106.05, 5.11, 4277, 31904, 13.4058
2025/03/18 03:57:05.361, 0, 0, 12288, 3292, 41.92, 2.27, 4287, 31904, 13.4372
2025/03/18 03:57:07.417, 100, 81, 12288, 3292, 92.73, 8.66, 4274, 31904, 13.3964
2025/03/18 03:57:09.477, 3, 0, 12288, 3292, 45.18, 2.62, 4285, 31904, 13.4309
2025/03/18 03:57:11.533, 0, 0, 12288, 3292, 39.93, 9.36, 4279, 31904, 13.4121
2025/03/18 03:57:13.573, 0, 0, 12288, 3292, 96.11, 4.22, 4277, 31904, 13.4058
2025/03/18 03:57:15.637, 0, 0, 12288, 3292, 41.46, 2.27, 4278, 31904, 13.409
2025/03/18 03:57:17.689, 100, 70, 12288, 3292, 83.18, 8.35, 4276, 31904, 13.4027
2025/03/18 03:57:19.737, 3, 0, 12288, 3292, 45.27, 2.85, 4280, 31904, 13.4152
2025/03/18 03:57:21.797, 0, 0, 12288, 3292, 40.13, 9.57, 4270, 31904, 13.3839
2025/03/18 03:57:23.837, 0, 0, 12288, 3292, 86.63, 4.46, 4285, 31904, 13.4309
2025/03/18 03:57:25.897, 0, 0, 12288, 3292, 41.53, 2.68, 4288, 31904, 13.4403
2025/03/18 03:57:27.949, 100, 70, 12288, 3292, 114.83, 8.51, 4285, 31904, 13.4309
2025/03/18 03:57:30.017, 3, 0, 12288, 3292, 45.26, 2.6, 4287, 31904, 13.4372
2025/03/18 03:57:32.103, 0, 0, 12288, 3292, 39.98, 10.47, 4272, 31904, 13.3902
2025/03/18 03:57:34.137, 0, 0, 12288, 3292, 76.02, 3.8, 4278, 31904, 13.409
2025/03/18 03:57:36.221, 0, 0, 12288, 3292, 41.15, 3.03, 4288, 31904, 13.4403
2025/03/18 03:57:38.261, 100, 61, 12288, 3292, 125.51, 8.19, 4274, 31904, 13.3964
2025/03/18 03:57:40.325, 3, 0, 12288, 3292, 45.30, 2.52, 4283, 31904, 13.4246
2025/03/18 03:57:42.382, 0, 0, 12288, 3292, 40.00, 9.71, 4276, 31904, 13.4027
2025/03/18 03:57:44.445, 2, 0, 12288, 3292, 65.80, 3.54, 4279, 31904, 13.4121
2025/03/18 03:57:46.513, 0, 0, 12288, 3292, 40.62, 3.37, 4283, 31904, 13.4246
2025/03/18 03:57:48.553, 100, 61, 12288, 3292, 133.67, 7.69, 4273, 31904, 13.3933
2025/03/18 03:57:50.633, 0, 0, 12288, 3292, 44.45, 2.44, 4274, 31904, 13.3964
2025/03/18 03:57:52.693, 2, 1, 12288, 3292, 40.07, 8.67, 4277, 31904, 13.4058
2025/03/18 03:57:54.745, 2, 0, 12288, 3292, 58.95, 3.13, 4276, 31904, 13.4027
2025/03/18 03:57:56.831, 0, 0, 12288, 3292, 40.04, 5.86, 4279, 31904, 13.4121
2025/03/18 03:57:58.873, 88, 55, 12288, 3292, 141.62, 7.42, 4275, 31904, 13.3996
2025/03/18 03:58:00.929, 0, 0, 12288, 3292, 44.00, 2.84, 4288, 31904, 13.4403
2025/03/18 03:58:02.981, 2, 1, 12288, 3292, 43.35, 8.67, 4279, 31904, 13.4121
2025/03/18 03:58:05.041, 3, 0, 12288, 3292, 49.37, 4.01, 4286, 31904, 13.4341
2025/03/18 03:58:07.101, 0, 0, 12288, 3292, 40.13, 6.19, 4278, 31904, 13.409
2025/03/18 03:58:09.141, 88, 56, 12288, 3292, 143.35, 7.32, 4272, 31904, 13.3902
2025/03/18 03:58:11.209, 0, 0, 12288, 3292, 43.96, 3.1, 4277, 31904, 13.4058
2025/03/18 03:58:13.261, 72, 68, 12288, 3292, 50.04, 8.92, 4272, 31904, 13.3902
2025/03/18 03:58:15.309, 3, 0, 12288, 3292, 49.65, 3.2, 4281, 31904, 13.4184
2025/03/18 03:58:17.389, 0, 0, 12288, 3292, 40.14, 5.88, 4280, 31904, 13.4152
2025/03/18 03:58:19.429, 36, 17, 12288, 3292, 137.92, 6.93, 4278, 31904, 13.409
2025/03/18 03:58:21.517, 0, 0, 12288, 3292, 43.56, 2.76, 4285, 31904, 13.4309
2025/03/18 03:58:23.569, 62, 56, 12288, 3292, 57.42, 8.83, 4276, 31904, 13.4027
2025/03/18 03:58:25.637, 3, 0, 12288, 3292, 45.36, 3.03, 4282, 31904, 13.4215
2025/03/18 03:58:27.724, 0, 0, 12288, 3292, 40.11, 6.96, 4290, 31904, 13.4466
2025/03/18 03:58:29.765, 54, 31, 12288, 3292, 133.91, 6.2, 4276, 31904, 13.4027
2025/03/18 03:58:31.829, 0, 0, 12288, 3292, 43.51, 2.69, 4282, 31904, 13.4215
2025/03/18 03:58:33.881, 100, 87, 12288, 3292, 61.64, 8.9, 4283, 31904, 13.4246
2025/03/18 03:58:35.921, 3, 0, 12288, 3292, 45.38, 3.53, 4292, 31904, 13.4529
2025/03/18 03:58:37.982, 0, 0, 12288, 3292, 40.18, 7.05, 4290, 31904, 13.4466
2025/03/18 03:58:40.021, 0, 0, 12288, 3292, 126.31, 6.44, 4288, 31904, 13.4403
2025/03/18 03:58:42.077, 0, 0, 12288, 3292, 43.60, 3.01, 4289, 31904, 13.4435
2025/03/18 03:58:44.130, 100, 89, 12288, 3292, 71.57, 8.76, 4292, 31904, 13.4529
2025/03/18 03:58:46.169, 4, 0, 12288, 3292, 45.34, 3.19, 4299, 31904, 13.4748
2025/03/18 03:58:48.237, 0, 0, 12288, 3292, 40.10, 8.44, 4298, 31904, 13.4717
2025/03/18 03:58:50.277, 0, 0, 12288, 3292, 128.53, 6.18, 4294, 31904, 13.4591
2025/03/18 03:58:52.354, 0, 0, 12288, 3292, 43.08, 2.77, 4290, 31904, 13.4466
2025/03/18 03:58:54.405, 100, 90, 12288, 3292, 69.77, 8.67, 4283, 31904, 13.4246
2025/03/18 03:58:56.473, 3, 0, 12288, 3292, 45.30, 3.19, 4290, 31904, 13.4466
2025/03/18 03:58:58.533, 0, 0, 12288, 3292, 40.10, 8.8, 4284, 31904, 13.4278
2025/03/18 03:59:00.573, 0, 0, 12288, 3292, 120.08, 5.7, 4288, 31904, 13.4403
2025/03/18 03:59:02.657, 0, 0, 12288, 3292, 42.59, 2.6, 4288, 31904, 13.4403
2025/03/18 03:59:04.709, 100, 81, 12288, 3292, 76.30, 8.67, 4286, 31904, 13.4341
2025/03/18 03:59:06.757, 3, 1, 12288, 3292, 45.28, 3.26, 4298, 31904, 13.4717
2025/03/18 03:59:08.825, 0, 0, 12288, 3292, 40.11, 8.74, 4291, 31904, 13.4497
2025/03/18 03:59:10.865, 0, 0, 12288, 3292, 110.38, 5.03, 4292, 31904, 13.4529
2025/03/18 03:59:12.937, 0, 0, 12288, 3292, 42.12, 2.27, 4297, 31904, 13.4685
2025/03/18 03:59:14.993, 100, 81, 12288, 3292, 87.93, 8.67, 4296, 31904, 13.4654
2025/03/18 03:59:17.045, 3, 0, 12288, 3292, 45.29, 2.85, 4291, 31904, 13.4497
2025/03/18 03:59:19.113, 0, 0, 12288, 3292, 40.19, 8.95, 4297, 31904, 13.4685
2025/03/18 03:59:21.153, 0, 0, 12288, 3292, 104.18, 4.63, 4299, 31904, 13.4748
2025/03/18 03:59:23.210, 0, 0, 12288, 3292, 41.63, 2.76, 4296, 31904, 13.4654
2025/03/18 03:59:25.261, 100, 82, 12288, 3292, 93.10, 8.58, 4297, 31904, 13.4685
2025/03/18 03:59:27.321, 3, 0, 12288, 3292, 45.38, 3.02, 4297, 31904, 13.4685
2025/03/18 03:59:29.389, 0, 0, 12288, 3292, 40.12, 9.1, 4295, 31904, 13.4623
2025/03/18 03:59:31.429, 0, 0, 12288, 3292, 99.75, 4.97, 4295, 31904, 13.4623
2025/03/18 03:59:33.493, 0, 0, 12288, 3292, 41.66, 2.51, 4291, 31904, 13.4497
2025/03/18 03:59:35.565, 100, 82, 12288, 3292, 80.68, 8.51, 4289, 31904, 13.4435
2025/03/18 03:59:37.609, 3, 0, 12288, 3292, 45.34, 2.77, 4300, 31904, 13.4779
2025/03/18 03:59:39.690, 0, 0, 12288, 3292, 40.08, 9.28, 4287, 31904, 13.4372
2025/03/18 03:59:41.729, 0, 0, 12288, 3292, 96.08, 5.11, 4287, 31904, 13.4372
2025/03/18 03:59:43.813, 0, 0, 12288, 3292, 41.62, 2.35, 4291, 31904, 13.4497
2025/03/18 03:59:45.869, 100, 72, 12288, 3292, 101.21, 8.51, 4290, 31904, 13.4466
2025/03/18 03:59:47.909, 3, 0, 12288, 3292, 45.35, 3.09, 4291, 31904, 13.4497
2025/03/18 03:59:49.973, 0, 0, 12288, 3292, 40.14, 9.24, 4292, 31904, 13.4529
2025/03/18 03:59:52.033, 0, 0, 12288, 3292, 90.53, 5.09, 4294, 31904, 13.4591
2025/03/18 03:59:54.097, 0, 0, 12288, 3292, 41.15, 2.19, 4288, 31904, 13.4403
2025/03/18 03:59:56.149, 100, 78, 12288, 3292, 107.21, 8.58, 4293, 31904, 13.456
2025/03/18 03:59:58.201, 3, 0, 12288, 3292, 45.38, 2.69, 4296, 31904, 13.4654
2025/03/18 04:00:00.269, 0, 0, 12288, 3292, 40.08, 10.61, 4280, 31904, 13.4152
2025/03/18 04:00:02.309, 0, 0, 12288, 3292, 86.12, 4.35, 4287, 31904, 13.4372
2025/03/18 04:00:04.366, 0, 0, 12288, 3292, 41.24, 2.77, 4295, 31904, 13.4623
2025/03/18 04:00:06.417, 99, 61, 12288, 3292, 88.34, 8.58, 4288, 31904, 13.4403
2025/03/18 04:00:08.493, 3, 0, 12288, 3292, 45.33, 2.19, 4298, 31904, 13.4717
2025/03/18 04:00:10.553, 0, 0, 12288, 3292, 40.09, 10.02, 4290, 31904, 13.4466
2025/03/18 04:00:12.593, 0, 0, 12288, 3292, 80.64, 4.61, 4289, 31904, 13.4435
2025/03/18 04:00:14.657, 0, 0, 12288, 3292, 41.62, 2.11, 4291, 31904, 13.4497
2025/03/18 04:00:16.709, 100, 69, 12288, 3292, 117.46, 8.44, 4282, 31904, 13.4215
2025/03/18 04:00:18.757, 3, 0, 12288, 3292, 45.32, 2.52, 4287, 31904, 13.4372
2025/03/18 04:00:20.838, 0, 0, 12288, 3292, 40.11, 10.33, 4278, 31904, 13.409
2025/03/18 04:00:22.877, 0, 0, 12288, 3292, 87.71, 3.87, 4280, 31904, 13.4152
2025/03/18 04:00:24.929, 0, 0, 12288, 3292, 41.18, 2.77, 4293, 31904, 13.456
2025/03/18 04:00:26.981, 100, 74, 12288, 3292, 110.74, 8.42, 4283, 31904, 13.4246
2025/03/18 04:00:29.041, 3, 0, 12288, 3292, 45.40, 2.68, 4287, 31904, 13.4372
2025/03/18 04:00:31.101, 0, 0, 12288, 3292, 40.13, 10.69, 4291, 31904, 13.4497
2025/03/18 04:00:33.141, 0, 0, 12288, 3292, 83.03, 3.87, 4280, 31904, 13.4152
2025/03/18 04:00:35.220, 0, 0, 12288, 3292, 40.78, 2.44, 4282, 31904, 13.4215
2025/03/18 04:00:37.257, 99, 61, 12288, 3292, 101.99, 8.42, 4284, 31904, 13.4278
2025/03/18 04:00:39.301, 3, 0, 12288, 3292, 45.38, 2.6, 4291, 31904, 13.4497
2025/03/18 04:00:41.358, 0, 0, 12288, 3292, 40.18, 9.95, 4286, 31904, 13.4341
2025/03/18 04:00:43.393, 1, 0, 12288, 3292, 74.76, 3.87, 4289, 31904, 13.4435
2025/03/18 04:00:45.445, 0, 0, 12288, 3292, 40.78, 2.85, 4285, 31904, 13.4309
2025/03/18 04:00:47.485, 99, 60, 12288, 3292, 125.87, 8.51, 4286, 31904, 13.4341
2025/03/18 04:00:49.533, 3, 0, 12288, 3292, 45.45, 2.19, 4288, 31904, 13.4403
2025/03/18 04:00:51.613, 0, 0, 12288, 3292, 40.08, 10.15, 4281, 31904, 13.4184
2025/03/18 04:00:53.673, 0, 0, 12288, 3292, 80.43, 4.03, 4286, 31904, 13.4341
2025/03/18 04:00:55.733, 0, 0, 12288, 3292, 41.11, 2.7, 4296, 31904, 13.4654
2025/03/18 04:00:57.773, 100, 65, 12288, 3292, 122.08, 8.18, 4289, 31904, 13.4435
2025/03/18 04:00:59.857, 2, 0, 12288, 3292, 45.34, 2.68, 4291, 31904, 13.4497
2025/03/18 04:01:01.910, 0, 0, 12288, 3292, 40.09, 9.86, 4281, 31904, 13.4184
2025/03/18 04:01:03.985, 2, 0, 12288, 3292, 62.44, 4.18, 4283, 31904, 13.4246
2025/03/18 04:01:06.045, 0, 0, 12288, 3292, 40.63, 3.53, 4280, 31904, 13.4152
2025/03/18 04:01:08.085, 100, 60, 12288, 3292, 134.12, 8.3, 4285, 31904, 13.4309
2025/03/18 04:01:10.153, 3, 0, 12288, 3292, 44.87, 2.77, 4290, 31904, 13.4466
2025/03/18 04:01:12.226, 2, 1, 12288, 3292, 40.08, 8.92, 4271, 31904, 13.387
2025/03/18 04:01:14.273, 2, 0, 12288, 3292, 58.63, 3.04, 4277, 31904, 13.4058
2025/03/18 04:01:16.350, 0, 0, 12288, 3292, 40.12, 5.29, 4278, 31904, 13.409
2025/03/18 04:01:18.389, 88, 55, 12288, 3292, 142.16, 7.89, 4278, 31904, 13.409
2025/03/18 04:01:20.453, 0, 0, 12288, 3292, 44.49, 2.85, 4289, 31904, 13.4435
2025/03/18 04:01:22.505, 2, 1, 12288, 3292, 42.32, 8.6, 4283, 31904, 13.4246
2025/03/18 04:01:24.573, 3, 0, 12288, 3292, 50.93, 3.62, 4285, 31904, 13.4309
2025/03/18 04:01:26.659, 0, 0, 12288, 3292, 40.19, 6.19, 4273, 31904, 13.3933
2025/03/18 04:01:28.697, 88, 54, 12288, 3292, 145.89, 7.18, 4281, 31904, 13.4184
2025/03/18 04:01:30.785, 0, 0, 12288, 3292, 44.42, 2.36, 4289, 31904, 13.4435
2025/03/18 04:01:32.837, 51, 46, 12288, 3292, 46.74, 8.75, 4274, 31904, 13.3964
2025/03/18 04:01:34.897, 3, 0, 12288, 3292, 46.81, 3.03, 4282, 31904, 13.4215
2025/03/18 04:01:36.962, 0, 0, 12288, 3292, 40.10, 6.44, 4285, 31904, 13.4309
2025/03/18 04:01:39.001, 67, 38, 12288, 3292, 142.73, 6.86, 4293, 31904, 13.456
2025/03/18 04:01:41.069, 0, 0, 12288, 3292, 43.99, 2.93, 4292, 31904, 13.4529
2025/03/18 04:01:43.121, 23, 17, 12288, 3292, 49.96, 8.76, 4287, 31904, 13.4372
2025/03/18 04:01:45.173, 3, 0, 12288, 3292, 45.35, 3.44, 4284, 31904, 13.4278
2025/03/18 04:01:47.257, 0, 0, 12288, 3292, 40.11, 6.16, 4282, 31904, 13.4215
2025/03/18 04:01:49.297, 90, 54, 12288, 3292, 139.16, 7.23, 4284, 31904, 13.4278
2025/03/18 04:01:51.353, 0, 0, 12288, 3292, 44.03, 2.11, 4283, 31904, 13.4246
2025/03/18 04:01:53.405, 100, 94, 12288, 3292, 54.92, 8.75, 4274, 31904, 13.3964
2025/03/18 04:01:55.453, 3, 0, 12288, 3292, 45.80, 3.85, 4282, 31904, 13.4215
2025/03/18 04:01:57.521, 0, 0, 12288, 3292, 40.08, 7.72, 4283, 31904, 13.4246
2025/03/18 04:01:59.561, 19, 6, 12288, 3292, 135.70, 5.98, 4288, 31904, 13.4403
2025/03/18 04:02:01.618, 0, 0, 12288, 3292, 43.50, 2.27, 4290, 31904, 13.4466
2025/03/18 04:02:03.673, 81, 75, 12288, 3292, 61.34, 8.83, 4282, 31904, 13.4215
2025/03/18 04:02:05.721, 3, 0, 12288, 3292, 45.30, 3.36, 4288, 31904, 13.4403
2025/03/18 04:02:07.781, 0, 0, 12288, 3292, 40.14, 7.24, 4285, 31904, 13.4309
2025/03/18 04:02:09.821, 34, 16, 12288, 3292, 137.24, 6.47, 4292, 31904, 13.4529
2025/03/18 04:02:11.885, 0, 0, 12288, 3292, 43.10, 2.85, 4295, 31904, 13.4623
2025/03/18 04:02:13.937, 69, 64, 12288, 3292, 58.85, 8.66, 4290, 31904, 13.4466
2025/03/18 04:02:15.977, 3, 0, 12288, 3292, 45.34, 3.11, 4296, 31904, 13.4654
2025/03/18 04:02:18.063, 0, 0, 12288, 3292, 40.08, 7.29, 4277, 31904, 13.4058
2025/03/18 04:02:20.101, 38, 19, 12288, 3292, 130.14, 6.43, 4281, 31904, 13.4184
2025/03/18 04:02:22.161, 0, 0, 12288, 3292, 42.62, 2.68, 4290, 31904, 13.4466
2025/03/18 04:02:24.213, 100, 83, 12288, 3292, 70.15, 8.58, 4282, 31904, 13.4215
2025/03/18 04:02:26.279, 3, 1, 12288, 3292, 45.35, 3.02, 4282, 31904, 13.4215
2025/03/18 04:02:28.333, 0, 0, 12288, 3292, 40.12, 7.79, 4281, 31904, 13.4184
2025/03/18 04:02:30.373, 0, 0, 12288, 3292, 120.24, 5.85, 4280, 31904, 13.4152
2025/03/18 04:02:32.437, 0, 0, 12288, 3292, 42.62, 2.44, 4284, 31904, 13.4278
2025/03/18 04:02:34.509, 100, 83, 12288, 3292, 81.32, 8.53, 4284, 31904, 13.4278
2025/03/18 04:02:36.557, 3, 0, 12288, 3292, 45.32, 2.12, 4286, 31904, 13.4341
2025/03/18 04:02:38.637, 0, 0, 12288, 3292, 40.22, 8.6, 4274, 31904, 13.3964
2025/03/18 04:02:40.697, 0, 0, 12288, 3292, 108.33, 5.36, 4281, 31904, 13.4184
2025/03/18 04:02:42.757, 0, 0, 12288, 3292, 41.76, 2.76, 4289, 31904, 13.4435
2025/03/18 04:02:44.805, 100, 81, 12288, 3292, 93.24, 8.59, 4281, 31904, 13.4184
2025/03/18 04:02:46.845, 3, 0, 12288, 3292, 45.35, 2.94, 4276, 31904, 13.4027
2025/03/18 04:02:48.933, 0, 0, 12288, 3292, 40.13, 9.04, 4272, 31904, 13.3902
2025/03/18 04:02:50.973, 0, 0, 12288, 3292, 97.85, 4.79, 4276, 31904, 13.4027
2025/03/18 04:02:53.029, 0, 0, 12288, 3292, 41.70, 2.1, 4279, 31904, 13.4121
2025/03/18 04:02:55.081, 100, 82, 12288, 3292, 82.94, 8.74, 4268, 31904, 13.3776
2025/03/18 04:02:57.157, 3, 0, 12288, 3292, 45.32, 2.6, 4275, 31904, 13.3996
2025/03/18 04:02:59.237, 0, 0, 12288, 3292, 40.11, 9.41, 4273, 31904, 13.3933
2025/03/18 04:03:01.277, 0, 0, 12288, 3292, 88.58, 4.29, 4284, 31904, 13.4278
2025/03/18 04:03:03.357, 0, 0, 12288, 3292, 40.72, 2.27, 4279, 31904, 13.4121
2025/03/18 04:03:05.409, 100, 64, 12288, 3292, 112.18, 8.42, 4275, 31904, 13.3996
2025/03/18 04:03:07.457, 3, 0, 12288, 3292, 45.29, 2.85, 4276, 31904, 13.4027
2025/03/18 04:03:09.537, 0, 0, 12288, 3292, 40.01, 10, 4271, 31904, 13.387
2025/03/18 04:03:11.577, 0, 0, 12288, 3292, 77.57, 3.46, 4286, 31904, 13.4341
2025/03/18 04:03:13.657, 0, 0, 12288, 3292, 40.26, 3.19, 4285, 31904, 13.4309
2025/03/18 04:03:15.697, 99, 60, 12288, 3292, 126.32, 8.24, 4283, 31904, 13.4246
2025/03/18 04:03:17.753, 1, 0, 12288, 3292, 45.33, 2.6, 4287, 31904, 13.4372
2025/03/18 04:03:19.806, 1, 0, 12288, 3292, 40.07, 10.22, 4279, 31904, 13.4121
2025/03/18 04:03:21.881, 0, 0, 12288, 3292, 65.14, 3.69, 4278, 31904, 13.409
2025/03/18 04:03:23.941, 0, 0, 12288, 3292, 40.13, 4.71, 4384, 31904, 13.7412
2025/03/18 04:03:25.981, 88, 52, 12288, 3292, 136.62, 7.75, 4281, 31904, 13.4184
2025/03/18 04:03:28.038, 1, 0, 12288, 3292, 44.88, 2.36, 4290, 31904, 13.4466
2025/03/18 04:03:30.109, 1, 1, 12288, 3292, 40.14, 8.61, 4289, 31904, 13.4435
2025/03/18 04:03:32.179, 3, 1, 12288, 3292, 56.87, 3.2, 4290, 31904, 13.4466
2025/03/18 04:03:34.257, 0, 0, 12288, 3292, 40.17, 6.02, 4289, 31904, 13.4435
2025/03/18 04:03:36.297, 88, 52, 12288, 3292, 145.20, 7.35, 4297, 31904, 13.4685
2025/03/18 04:03:38.349, 0, 0, 12288, 3292, 44.47, 3.09, 4296, 31904, 13.4654
2025/03/18 04:03:40.425, 40, 35, 12288, 3292, 45.17, 8.76, 4286, 31904, 13.4341
2025/03/18 04:03:42.477, 3, 0, 12288, 3292, 47.87, 3.11, 4292, 31904, 13.4529
2025/03/18 04:03:44.538, 0, 0, 12288, 3292, 40.17, 6.29, 4282, 31904, 13.4215
2025/03/18 04:03:46.577, 67, 38, 12288, 3292, 142.85, 6.38, 4287, 31904, 13.4372
2025/03/18 04:03:48.633, 0, 0, 12288, 3292, 44.07, 2.44, 4289, 31904, 13.4435
2025/03/18 04:03:50.705, 49, 43, 12288, 3292, 54.83, 8.76, 4290, 31904, 13.4466
2025/03/18 04:03:52.753, 3, 0, 12288, 3292, 45.34, 3.45, 4288, 31904, 13.4403
2025/03/18 04:03:54.829, 0, 0, 12288, 3292, 40.19, 7.36, 4290, 31904, 13.4466
2025/03/18 04:03:56.869, 57, 32, 12288, 3292, 134.38, 6.34, 4284, 31904, 13.4278
2025/03/18 04:03:58.945, 0, 0, 12288, 3292, 43.57, 2.35, 4287, 31904, 13.4372
2025/03/18 04:04:01.017, 100, 84, 12288, 3292, 68.53, 8.83, 4287, 31904, 13.4372
2025/03/18 04:04:03.068, 3, 0, 12288, 3292, 45.34, 2.7, 4286, 31904, 13.4341
2025/03/18 04:04:05.133, 0, 0, 12288, 3292, 40.08, 8.26, 4279, 31904, 13.4121
2025/03/18 04:04:07.173, 0, 0, 12288, 3292, 120.42, 5.61, 4280, 31904, 13.4152
2025/03/18 04:04:09.237, 0, 0, 12288, 3292, 42.13, 2.03, 4288, 31904, 13.4403
2025/03/18 04:04:11.289, 100, 83, 12288, 3292, 81.96, 8.68, 4277, 31904, 13.4058
2025/03/18 04:04:13.337, 3, 0, 12288, 3292, 45.34, 3.27, 4289, 31904, 13.4435
2025/03/18 04:04:15.397, 0, 0, 12288, 3292, 40.12, 8.45, 4277, 31904, 13.4058
2025/03/18 04:04:17.437, 0, 0, 12288, 3292, 107.07, 5.04, 4279, 31904, 13.4121
2025/03/18 04:04:19.521, 0, 0, 12288, 3292, 41.66, 2.43, 4281, 31904, 13.4184
2025/03/18 04:04:21.577, 100, 79, 12288, 3292, 95.16, 8.58, 4284, 31904, 13.4278
2025/03/18 04:04:23.637, 3, 0, 12288, 3292, 45.30, 3.02, 4284, 31904, 13.4278
2025/03/18 04:04:25.717, 0, 0, 12288, 3292, 40.19, 9.24, 4283, 31904, 13.4246
2025/03/18 04:04:27.757, 0, 0, 12288, 3292, 94.44, 4.95, 4294, 31904, 13.4591
2025/03/18 04:04:29.821, 0, 0, 12288, 3292, 41.18, 2.27, 4291, 31904, 13.4497
2025/03/18 04:04:31.893, 100, 80, 12288, 3292, 104.82, 8.57, 4276, 31904, 13.4027
2025/03/18 04:04:33.961, 3, 0, 12288, 3292, 45.34, 2.77, 4280, 31904, 13.4152
2025/03/18 04:04:36.038, 0, 0, 12288, 3292, 40.09, 10.11, 4275, 31904, 13.3996
2025/03/18 04:04:38.100, 0, 0, 12288, 3292, 84.93, 4.27, 4278, 31904, 13.409
2025/03/18 04:04:40.158, 0, 0, 12288, 3292, 40.66, 2.86, 4281, 31904, 13.4184
2025/03/18 04:04:42.197, 99, 58, 12288, 3292, 91.45, 8.26, 4272, 31904, 13.3902
2025/03/18 04:04:44.261, 3, 0, 12288, 3292, 45.39, 2.28, 4276, 31904, 13.4027
2025/03/18 04:04:46.314, 2, 1, 12288, 3292, 40.26, 9.85, 4261, 31904, 13.3557
2025/03/18 04:04:48.393, 1, 0, 12288, 3292, 69.46, 3.78, 4273, 31904, 13.3933
2025/03/18 04:04:50.473, 0, 0, 12288, 3292, 40.32, 5.68, 4268, 31904, 13.3776
2025/03/18 04:04:52.513, 88, 56, 12288, 3292, 143.08, 7.59, 4274, 31904, 13.3964
2025/03/18 04:04:54.569, 0, 0, 12288, 3292, 44.53, 2.52, 4281, 31904, 13.4184
2025/03/18 04:04:56.621, 3, 1, 12288, 3292, 45.68, 8.83, 4279, 31904, 13.4121
2025/03/18 04:04:58.689, 2, 0, 12288, 3292, 55.20, 2.96, 4279, 31904, 13.4121
2025/03/18 04:05:00.777, 0, 0, 12288, 3292, 40.17, 6.95, 4281, 31904, 13.4184
2025/03/18 04:05:02.817, 91, 54, 12288, 3292, 140.57, 6.6, 4283, 31904, 13.4246
2025/03/18 04:05:04.881, 0, 0, 12288, 3292, 44.01, 2.19, 4277, 31904, 13.4058
2025/03/18 04:05:06.929, 100, 91, 12288, 3292, 59.29, 8.75, 4284, 31904, 13.4278
2025/03/18 04:05:08.973, 3, 0, 12288, 3292, 45.31, 2.63, 4289, 31904, 13.4435
2025/03/18 04:05:11.060, 0, 0, 12288, 3292, 40.13, 7.04, 4289, 31904, 13.4435
2025/03/18 04:05:13.101, 0, 0, 12288, 3292, 126.08, 5.87, 4286, 31904, 13.4341
2025/03/18 04:05:15.158, 0, 0, 12288, 3292, 43.48, 2.6, 4287, 31904, 13.4372
2025/03/18 04:05:17.209, 100, 86, 12288, 3292, 78.07, 8.97, 4282, 31904, 13.4215
2025/03/18 04:05:19.257, 3, 0, 12288, 3292, 45.24, 3.27, 4291, 31904, 13.4497
2025/03/18 04:05:21.345, 0, 0, 12288, 3292, 40.03, 8.44, 4283, 31904, 13.4246
2025/03/18 04:05:23.385, 0, 0, 12288, 3292, 120.30, 5.3, 4286, 31904, 13.4341
2025/03/18 04:05:25.442, 0, 0, 12288, 3292, 42.09, 2.19, 4288, 31904, 13.4403
2025/03/18 04:05:27.493, 100, 83, 12288, 3292, 72.97, 8.52, 4290, 31904, 13.4466
2025/03/18 04:05:29.534, 3, 0, 12288, 3292, 45.29, 2.36, 4298, 31904, 13.4717
2025/03/18 04:05:31.593, 0, 0, 12288, 3292, 40.04, 8.64, 4281, 31904, 13.4184
2025/03/18 04:05:33.633, 0, 0, 12288, 3292, 107.21, 4.81, 4288, 31904, 13.4403
2025/03/18 04:05:35.693, 0, 0, 12288, 3292, 41.68, 2.93, 4292, 31904, 13.4529
2025/03/18 04:05:37.745, 100, 79, 12288, 3292, 95.51, 8.58, 4280, 31904, 13.4152
2025/03/18 04:05:39.809, 3, 0, 12288, 3292, 45.30, 2.69, 4287, 31904, 13.4372
2025/03/18 04:05:41.904, 0, 0, 12288, 3292, 40.09, 9.82, 4282, 31904, 13.4215
2025/03/18 04:05:43.945, 0, 0, 12288, 3292, 91.08, 4.36, 4286, 31904, 13.4341
2025/03/18 04:05:46.026, 0, 0, 12288, 3292, 41.17, 2.19, 4291, 31904, 13.4497
2025/03/18 04:05:48.073, 100, 73, 12288, 3292, 111.12, 8.41, 4285, 31904, 13.4309
2025/03/18 04:05:50.134, 3, 0, 12288, 3292, 45.34, 3.01, 4290, 31904, 13.4466
2025/03/18 04:05:52.186, 0, 0, 12288, 3292, 40.02, 10.16, 4283, 31904, 13.4246
2025/03/18 04:05:54.252, 0, 0, 12288, 3292, 76.12, 4.03, 4284, 31904, 13.4278
2025/03/18 04:05:56.314, 0, 0, 12288, 3292, 40.58, 3.29, 4285, 31904, 13.4309
2025/03/18 04:05:58.353, 99, 60, 12288, 3292, 135.36, 7.84, 4276, 31904, 13.4027
2025/03/18 04:06:00.425, 2, 0, 12288, 3292, 44.94, 2.28, 4286, 31904, 13.4341
2025/03/18 04:06:02.497, 15, 9, 12288, 3292, 41.66, 8.69, 4275, 31904, 13.3996
2025/03/18 04:06:04.557, 2, 1, 12288, 3292, 60.90, 3.7, 4283, 31904, 13.4246
2025/03/18 04:06:06.645, 0, 0, 12288, 3292, 40.16, 5.79, 4284, 31904, 13.4278
2025/03/18 04:06:08.685, 85, 50, 12288, 3292, 145.46, 7.32, 4288, 31904, 13.4403
2025/03/18 04:06:10.749, 0, 0, 12288, 3292, 44.40, 2.36, 4287, 31904, 13.4372
2025/03/18 04:06:12.801, 34, 28, 12288, 3292, 51.43, 8.76, 4282, 31904, 13.4215
2025/03/18 04:06:14.849, 3, 0, 12288, 3292, 48.78, 3.77, 4298, 31904, 13.4717
2025/03/18 04:06:16.917, 0, 0, 12288, 3292, 40.07, 7.1, 4297, 31904, 13.4685
2025/03/18 04:06:18.957, 65, 37, 12288, 3292, 142.53, 6.59, 4294, 31904, 13.4591
2025/03/18 04:06:21.021, 0, 0, 12288, 3292, 43.94, 2.52, 4293, 31904, 13.456
2025/03/18 04:06:23.093, 100, 86, 12288, 3292, 66.16, 8.6, 4294, 31904, 13.4591
2025/03/18 04:06:25.165, 3, 0, 12288, 3292, 45.28, 3.36, 4300, 31904, 13.4779
2025/03/18 04:06:27.246, 0, 0, 12288, 3292, 40.14, 7.7, 4286, 31904, 13.4341
2025/03/18 04:06:29.285, 0, 0, 12288, 3292, 120.42, 5.86, 4289, 31904, 13.4435
2025/03/18 04:06:31.349, 0, 0, 12288, 3292, 43.45, 2.6, 4295, 31904, 13.4623
2025/03/18 04:06:33.401, 100, 82, 12288, 3292, 82.32, 8.6, 4295, 31904, 13.4623
2025/03/18 04:06:35.465, 3, 0, 12288, 3292, 45.32, 2.7, 4297, 31904, 13.4685
2025/03/18 04:06:37.553, 0, 0, 12288, 3292, 40.05, 8.31, 4294, 31904, 13.4591
2025/03/18 04:06:39.593, 0, 0, 12288, 3292, 105.76, 4.78, 4294, 31904, 13.4591
2025/03/18 04:06:41.661, 0, 0, 12288, 3292, 42.09, 2.35, 4291, 31904, 13.4497
2025/03/18 04:06:43.713, 100, 78, 12288, 3292, 81.87, 8.58, 4280, 31904, 13.4152
2025/03/18 04:06:45.781, 3, 0, 12288, 3292, 45.30, 2.6, 4286, 31904, 13.4341
2025/03/18 04:06:47.849, 0, 0, 12288, 3292, 40.10, 9.22, 4276, 31904, 13.4027
2025/03/18 04:06:49.889, 0, 0, 12288, 3292, 91.77, 4.21, 4282, 31904, 13.4215
2025/03/18 04:06:51.965, 0, 0, 12288, 3292, 41.67, 2.27, 4290, 31904, 13.4466
2025/03/18 04:06:54.017, 100, 74, 12288, 3292, 111.54, 8.42, 4288, 31904, 13.4403
2025/03/18 04:06:56.085, 3, 0, 12288, 3292, 45.40, 2.85, 4283, 31904, 13.4246
2025/03/18 04:06:58.146, 0, 0, 12288, 3292, 40.19, 10.38, 4266, 31904, 13.3714
2025/03/18 04:07:00.184, 0, 0, 12288, 3292, 77.41, 4.04, 4276, 31904, 13.4027
2025/03/18 04:07:02.249, 0, 0, 12288, 3292, 41.21, 3.27, 4284, 31904, 13.4278
2025/03/18 04:07:04.309, 100, 61, 12288, 3292, 129.50, 8.1, 4278, 31904, 13.409
2025/03/18 04:07:06.366, 3, 0, 12288, 3292, 45.02, 2.76, 4287, 31904, 13.4372
2025/03/18 04:07:08.418, 0, 0, 12288, 3292, 40.19, 9.68, 4289, 31904, 13.4435
2025/03/18 04:07:10.489, 3, 0, 12288, 3292, 62.02, 3.21, 4292, 31904, 13.4529
2025/03/18 04:07:12.573, 0, 0, 12288, 3292, 40.16, 5.2, 4292, 31904, 13.4529
2025/03/18 04:07:14.617, 91, 53, 12288, 3292, 141.78, 7.28, 4300, 31904, 13.4779
2025/03/18 04:07:16.693, 0, 0, 12288, 3292, 44.50, 2.27, 4300, 31904, 13.4779
2025/03/18 04:07:18.745, 25, 18, 12288, 3292, 43.21, 8.97, 4289, 31904, 13.4435
2025/03/18 04:07:20.813, 3, 1, 12288, 3292, 50.21, 3.37, 4293, 31904, 13.456
2025/03/18 04:07:22.869, 0, 0, 12288, 3292, 40.15, 5.82, 4288, 31904, 13.4403
2025/03/18 04:07:24.909, 77, 45, 12288, 3292, 144.03, 7.17, 4287, 31904, 13.4372
2025/03/18 04:07:26.977, 0, 0, 12288, 3292, 44.07, 2.52, 4300, 31904, 13.4779
2025/03/18 04:07:29.029, 46, 40, 12288, 3292, 54.30, 8.67, 4293, 31904, 13.456
2025/03/18 04:07:31.081, 3, 0, 12288, 3292, 45.38, 3.6, 4298, 31904, 13.4717
2025/03/18 04:07:33.141, 0, 0, 12288, 3292, 40.20, 6.49, 4296, 31904, 13.4654
2025/03/18 04:07:35.201, 47, 25, 12288, 3292, 132.34, 5.7, 4298, 31904, 13.4717
2025/03/18 04:07:37.253, 0, 0, 12288, 3292, 43.56, 2.6, 4292, 31904, 13.4529
2025/03/18 04:07:39.305, 100, 83, 12288, 3292, 70.29, 8.58, 4287, 31904, 13.4372
2025/03/18 04:07:41.372, 3, 0, 12288, 3292, 45.33, 3.35, 4292, 31904, 13.4529
2025/03/18 04:07:43.429, 0, 0, 12288, 3292, 40.24, 7.63, 4295, 31904, 13.4623
2025/03/18 04:07:45.469, 0, 0, 12288, 3292, 116.07, 5.76, 4295, 31904, 13.4623
2025/03/18 04:07:47.529, 0, 0, 12288, 3292, 42.63, 2.35, 4282, 31904, 13.4215
2025/03/18 04:07:49.581, 100, 82, 12288, 3292, 85.86, 8.68, 4285, 31904, 13.4309
2025/03/18 04:07:51.641, 3, 0, 12288, 3292, 45.34, 2.45, 4286, 31904, 13.4341
2025/03/18 04:07:53.721, 0, 0, 12288, 3292, 40.16, 9.39, 4279, 31904, 13.4121
2025/03/18 04:07:55.761, 0, 0, 12288, 3292, 100.25, 4.78, 4281, 31904, 13.4184
2025/03/18 04:07:57.818, 0, 0, 12288, 3292, 42.10, 2.52, 4285, 31904, 13.4309
2025/03/18 04:07:59.869, 100, 72, 12288, 3292, 82.26, 8.58, 4280, 31904, 13.4152
2025/03/18 04:08:01.917, 3, 0, 12288, 3292, 45.29, 3.34, 4297, 31904, 13.4685
2025/03/18 04:08:03.993, 0, 0, 12288, 3292, 40.09, 9.23, 4282, 31904, 13.4215
2025/03/18 04:08:06.033, 0, 0, 12288, 3292, 96.43, 4.77, 4292, 31904, 13.4529
2025/03/18 04:08:08.109, 0, 0, 12288, 3292, 41.65, 2.6, 4288, 31904, 13.4403
2025/03/18 04:08:10.161, 100, 67, 12288, 3292, 119.62, 8.42, 4282, 31904, 13.4215
2025/03/18 04:08:12.213, 3, 0, 12288, 3292, 45.34, 2.35, 4290, 31904, 13.4466
2025/03/18 04:08:14.285, 0, 0, 12288, 3292, 40.09, 9.63, 4289, 31904, 13.4435
2025/03/18 04:08:16.351, 0, 0, 12288, 3292, 69.47, 4.77, 4282, 31904, 13.4215
2025/03/18 04:08:18.409, 0, 0, 12288, 3292, 41.29, 3.19, 4292, 31904, 13.4529
2025/03/18 04:08:20.449, 88, 51, 12288, 3292, 133.09, 7.77, 4283, 31904, 13.4246
2025/03/18 04:08:22.513, 1, 0, 12288, 3292, 45.42, 2.35, 4289, 31904, 13.4435
2025/03/18 04:08:24.589, 1, 0, 12288, 3292, 40.26, 8.83, 4286, 31904, 13.4341
2025/03/18 04:08:26.641, 3, 0, 12288, 3292, 57.40, 3.3, 4292, 31904, 13.4529
2025/03/18 04:08:28.705, 0, 0, 12288, 3292, 40.19, 5.28, 4284, 31904, 13.4278
2025/03/18 04:08:30.749, 88, 52, 12288, 3292, 145.41, 7.43, 4283, 31904, 13.4246
2025/03/18 04:08:32.809, 1, 0, 12288, 3292, 44.96, 3.01, 4286, 31904, 13.4341
2025/03/18 04:08:34.861, 42, 37, 12288, 3292, 45.47, 8.82, 4283, 31904, 13.4246
2025/03/18 04:08:36.905, 3, 1, 12288, 3292, 55.92, 3.69, 4290, 31904, 13.4466
2025/03/18 04:08:38.985, 0, 0, 12288, 3292, 40.18, 5.8, 4286, 31904, 13.4341
2025/03/18 04:08:41.025, 88, 53, 12288, 3292, 146.60, 6.52, 4281, 31904, 13.4184
2025/03/18 04:08:43.102, 0, 0, 12288, 3292, 44.50, 2.43, 4284, 31904, 13.4278
2025/03/18 04:08:45.153, 69, 64, 12288, 3292, 59.00, 8.76, 4285, 31904, 13.4309
2025/03/18 04:08:47.222, 3, 0, 12288, 3292, 45.31, 3.28, 4285, 31904, 13.4309
2025/03/18 04:08:49.282, 0, 0, 12288, 3292, 40.11, 7.02, 4290, 31904, 13.4466
2025/03/18 04:08:51.321, 29, 11, 12288, 3292, 136.76, 6.27, 4285, 31904, 13.4309
2025/03/18 04:08:53.385, 0, 0, 12288, 3292, 43.04, 2.52, 4292, 31904, 13.4529
2025/03/18 04:08:55.437, 100, 80, 12288, 3292, 73.67, 8.6, 4299, 31904, 13.4748
2025/03/18 04:08:57.485, 3, 0, 12288, 3292, 45.28, 2.95, 4292, 31904, 13.4529
2025/03/18 04:08:59.553, 0, 0, 12288, 3292, 40.17, 7.77, 4289, 31904, 13.4435
2025/03/18 04:09:01.593, 18, 6, 12288, 3292, 124.67, 5.93, 4286, 31904, 13.4341
2025/03/18 04:09:03.677, 0, 0, 12288, 3292, 42.63, 2.36, 4294, 31904, 13.4591
2025/03/18 04:09:05.729, 100, 81, 12288, 3292, 88.99, 8.59, 4295, 31904, 13.4623
2025/03/18 04:09:07.777, 3, 0, 12288, 3292, 45.32, 2.28, 4292, 31904, 13.4529
2025/03/18 04:09:09.853, 0, 0, 12288, 3292, 40.15, 8.72, 4279, 31904, 13.4121
2025/03/18 04:09:11.893, 0, 0, 12288, 3292, 110.17, 5.04, 4279, 31904, 13.4121
2025/03/18 04:09:13.969, 0, 0, 12288, 3292, 42.16, 2.44, 4286, 31904, 13.4341
2025/03/18 04:09:16.021, 100, 81, 12288, 3292, 77.14, 8.65, 4295, 31904, 13.4623
2025/03/18 04:09:18.073, 3, 0, 12288, 3292, 45.33, 2.94, 4299, 31904, 13.4748
2025/03/18 04:09:20.137, 0, 0, 12288, 3292, 40.08, 9.64, 4283, 31904, 13.4246
2025/03/18 04:09:22.177, 0, 0, 12288, 3292, 98.06, 4.21, 4282, 31904, 13.4215
2025/03/18 04:09:24.237, 0, 0, 12288, 3292, 41.57, 2.27, 4288, 31904, 13.4403
2025/03/18 04:09:26.290, 100, 71, 12288, 3292, 101.87, 8.51, 4294, 31904, 13.4591
2025/03/18 04:09:28.341, 3, 0, 12288, 3292, 45.30, 2.85, 4295, 31904, 13.4623
2025/03/18 04:09:30.402, 0, 0, 12288, 3292, 40.04, 10.16, 4282, 31904, 13.4215
2025/03/18 04:09:32.441, 0, 0, 12288, 3292, 86.33, 4.36, 4283, 31904, 13.4246
2025/03/18 04:09:34.523, 0, 0, 12288, 3292, 41.07, 2.6, 4289, 31904, 13.4435
2025/03/18 04:09:36.593, 100, 68, 12288, 3292, 118.84, 8.26, 4287, 31904, 13.4372
2025/03/18 04:09:38.653, 2, 0, 12288, 3292, 45.32, 2.03, 4288, 31904, 13.4403
2025/03/18 04:09:40.706, 0, 0, 12288, 3292, 40.10, 10.07, 4285, 31904, 13.4309
2025/03/18 04:09:42.779, 0, 0, 12288, 3292, 70.88, 3.62, 4281, 31904, 13.4184
2025/03/18 04:09:44.837, 0, 0, 12288, 3292, 40.71, 3.36, 4282, 31904, 13.4215
2025/03/18 04:09:46.877, 88, 51, 12288, 3292, 132.39, 7.93, 4288, 31904, 13.4403
2025/03/18 04:09:48.941, 2, 0, 12288, 3292, 44.90, 2.68, 4292, 31904, 13.4529
2025/03/18 04:09:51.013, 1, 0, 12288, 3292, 43.56, 8.76, 4284, 31904, 13.4278
2025/03/18 04:09:53.089, 3, 1, 12288, 3292, 59.39, 3.53, 4280, 31904, 13.4152
2025/03/18 04:09:55.169, 0, 0, 12288, 3292, 40.08, 6.04, 4291, 31904, 13.4497
2025/03/18 04:09:57.209, 88, 52, 12288, 3292, 145.06, 6.38, 4288, 31904, 13.4403
2025/03/18 04:09:59.270, 0, 0, 12288, 3292, 44.46, 3.01, 4297, 31904, 13.4685
2025/03/18 04:10:01.321, 48, 43, 12288, 3292, 54.85, 8.83, 4281, 31904, 13.4184
2025/03/18 04:10:03.369, 3, 0, 12288, 3292, 47.33, 2.96, 4286, 31904, 13.4341
2025/03/18 04:10:05.433, 0, 0, 12288, 3292, 40.07, 6.55, 4290, 31904, 13.4466
2025/03/18 04:10:07.473, 49, 26, 12288, 3292, 140.11, 6.12, 4292, 31904, 13.4529
2025/03/18 04:10:09.537, 0, 0, 12288, 3292, 43.99, 2.19, 4294, 31904, 13.4591
2025/03/18 04:10:11.609, 100, 83, 12288, 3292, 70.11, 8.76, 4293, 31904, 13.456
2025/03/18 04:10:13.669, 3, 0, 12288, 3292, 45.23, 2.95, 4299, 31904, 13.4748
2025/03/18 04:10:15.730, 0, 0, 12288, 3292, 40.15, 7.77, 4288, 31904, 13.4403
2025/03/18 04:10:17.789, 33, 16, 12288, 3292, 128.75, 5.86, 4289, 31904, 13.4435
2025/03/18 04:10:19.868, 0, 0, 12288, 3292, 42.59, 2.76, 4300, 31904, 13.4779
2025/03/18 04:10:21.921, 100, 83, 12288, 3292, 81.50, 8.75, 4297, 31904, 13.4685
2025/03/18 04:10:23.985, 3, 0, 12288, 3292, 45.33, 2.95, 4298, 31904, 13.4717
2025/03/18 04:10:26.053, 0, 0, 12288, 3292, 40.08, 8.84, 4294, 31904, 13.4591
2025/03/18 04:10:28.113, 0, 0, 12288, 3292, 106.51, 5.19, 4285, 31904, 13.4309
2025/03/18 04:10:30.173, 0, 0, 12288, 3292, 42.12, 2.68, 4282, 31904, 13.4215
2025/03/18 04:10:32.225, 100, 80, 12288, 3292, 96.03, 8.69, 4295, 31904, 13.4623
2025/03/18 04:10:34.289, 3, 0, 12288, 3292, 45.28, 2.61, 4296, 31904, 13.4654
2025/03/18 04:10:36.349, 0, 0, 12288, 3292, 40.02, 9.42, 4287, 31904, 13.4372
2025/03/18 04:10:38.389, 0, 0, 12288, 3292, 104.30, 5.02, 4295, 31904, 13.4623
2025/03/18 04:10:40.449, 0, 0, 12288, 3292, 41.65, 2.36, 4299, 31904, 13.4748
2025/03/18 04:10:42.505, 100, 77, 12288, 3292, 107.04, 8.67, 4295, 31904, 13.4623
2025/03/18 04:10:44.553, 2, 0, 12288, 3292, 45.21, 2.44, 4296, 31904, 13.4654
2025/03/18 04:10:46.636, 0, 0, 12288, 3292, 40.12, 10.47, 4291, 31904, 13.4497
2025/03/18 04:10:48.673, 0, 0, 12288, 3292, 90.64, 4.11, 4281, 31904, 13.4184
2025/03/18 04:10:50.737, 0, 0, 12288, 3292, 41.21, 3.33, 4294, 31904, 13.4591
2025/03/18 04:10:52.789, 100, 74, 12288, 3292, 109.91, 8.57, 4298, 31904, 13.4717
2025/03/18 04:10:54.829, 2, 0, 12288, 3292, 45.31, 2.44, 4296, 31904, 13.4654
2025/03/18 04:10:56.913, 0, 0, 12288, 3292, 40.10, 10.09, 4286, 31904, 13.4341
2025/03/18 04:10:58.977, 0, 0, 12288, 3292, 79.57, 4.03, 4283, 31904, 13.4246
2025/03/18 04:11:01.057, 0, 0, 12288, 3292, 40.61, 3.2, 4290, 31904, 13.4466
2025/03/18 04:11:03.097, 99, 61, 12288, 3292, 132.13, 8.02, 4289, 31904, 13.4435
2025/03/18 04:11:05.181, 3, 0, 12288, 3292, 44.94, 2.27, 4288, 31904, 13.4403
2025/03/18 04:11:07.253, 3, 1, 12288, 3292, 40.07, 8.76, 4285, 31904, 13.4309
2025/03/18 04:11:09.305, 2, 0, 12288, 3292, 59.00, 4.1, 4288, 31904, 13.4403
2025/03/18 04:11:11.387, 0, 0, 12288, 3292, 40.11, 5.54, 4291, 31904, 13.4497
2025/03/18 04:11:13.445, 88, 57, 12288, 3292, 143.26, 7.18, 4290, 31904, 13.4466
2025/03/18 04:11:15.509, 0, 0, 12288, 3292, 44.00, 2.27, 4290, 31904, 13.4466
2025/03/18 04:11:17.561, 3, 1, 12288, 3292, 44.98, 8.67, 4284, 31904, 13.4278
2025/03/18 04:11:19.609, 3, 0, 12288, 3292, 48.16, 3.93, 4289, 31904, 13.4435
2025/03/18 04:11:21.693, 0, 0, 12288, 3292, 40.16, 5.98, 4288, 31904, 13.4403
2025/03/18 04:11:23.733, 85, 54, 12288, 3292, 143.71, 6.78, 4286, 31904, 13.4341
2025/03/18 04:11:25.793, 0, 0, 12288, 3292, 43.53, 2.52, 4287, 31904, 13.4372
2025/03/18 04:11:27.845, 88, 81, 12288, 3292, 52.07, 8.75, 4287, 31904, 13.4372
2025/03/18 04:11:29.893, 2, 0, 12288, 3292, 45.29, 3.27, 4288, 31904, 13.4403
2025/03/18 04:11:31.973, 0, 0, 12288, 3292, 40.13, 6.88, 4297, 31904, 13.4685
2025/03/18 04:11:34.013, 20, 7, 12288, 3292, 136.54, 6.74, 4290, 31904, 13.4466
2025/03/18 04:11:36.090, 0, 0, 12288, 3292, 43.05, 2.35, 4287, 31904, 13.4372
2025/03/18 04:11:38.141, 100, 93, 12288, 3292, 65.45, 8.68, 4291, 31904, 13.4497
2025/03/18 04:11:40.186, 3, 0, 12288, 3292, 45.30, 2.78, 4293, 31904, 13.456
2025/03/18 04:11:42.245, 0, 0, 12288, 3292, 40.06, 7.78, 4291, 31904, 13.4497
2025/03/18 04:11:44.285, 1, 0, 12288, 3292, 121.39, 5.62, 4290, 31904, 13.4466
2025/03/18 04:11:46.369, 0, 0, 12288, 3292, 43.01, 2.44, 4284, 31904, 13.4278
2025/03/18 04:11:48.441, 100, 81, 12288, 3292, 70.21, 8.44, 4280, 31904, 13.4152
2025/03/18 04:11:50.513, 3, 0, 12288, 3292, 45.28, 2.94, 4283, 31904, 13.4246
2025/03/18 04:11:52.569, 0, 0, 12288, 3292, 40.05, 8.46, 4278, 31904, 13.409
2025/03/18 04:11:54.629, 0, 0, 12288, 3292, 110.58, 4.55, 4281, 31904, 13.4184
2025/03/18 04:11:56.686, 0, 0, 12288, 3292, 42.11, 2.35, 4292, 31904, 13.4529
2025/03/18 04:11:58.737, 100, 82, 12288, 3292, 90.64, 8.49, 4290, 31904, 13.4466
2025/03/18 04:12:00.785, 3, 0, 12288, 3292, 45.29, 2.61, 4290, 31904, 13.4466
2025/03/18 04:12:02.853, 0, 0, 12288, 3292, 40.13, 9.2, 4290, 31904, 13.4466
2025/03/18 04:12:04.893, 0, 0, 12288, 3292, 97.86, 4.94, 4289, 31904, 13.4435
2025/03/18 04:12:06.946, 0, 0, 12288, 3292, 42.08, 2.44, 4295, 31904, 13.4623
2025/03/18 04:12:08.997, 100, 72, 12288, 3292, 101.39, 8.81, 4288, 31904, 13.4403
2025/03/18 04:12:11.057, 3, 1, 12288, 3292, 45.26, 2.52, 4292, 31904, 13.4529
2025/03/18 04:12:13.121, 0, 0, 12288, 3292, 40.07, 9.27, 4292, 31904, 13.4529
2025/03/18 04:12:15.161, 0, 0, 12288, 3292, 96.85, 4.46, 4299, 31904, 13.4748
2025/03/18 04:12:17.221, 0, 0, 12288, 3292, 41.63, 2.27, 4300, 31904, 13.4779
2025/03/18 04:12:19.273, 100, 69, 12288, 3292, 90.23, 8.35, 4285, 31904, 13.4309
2025/03/18 04:12:21.321, 3, 0, 12288, 3292, 45.35, 2.61, 4295, 31904, 13.4623
2025/03/18 04:12:23.386, 0, 0, 12288, 3292, 40.04, 10.47, 4285, 31904, 13.4309
2025/03/18 04:12:25.425, 0, 0, 12288, 3292, 84.95, 3.61, 4284, 31904, 13.4278
2025/03/18 04:12:27.489, 0, 0, 12288, 3292, 41.15, 2.61, 4292, 31904, 13.4529
2025/03/18 04:12:29.549, 100, 67, 12288, 3292, 119.33, 8.18, 4286, 31904, 13.4341
2025/03/18 04:12:31.609, 2, 0, 12288, 3292, 45.30, 3.09, 4293, 31904, 13.456
2025/03/18 04:12:33.662, 0, 0, 12288, 3292, 40.15, 9.83, 4281, 31904, 13.4184
2025/03/18 04:12:35.713, 0, 0, 12288, 3292, 70.36, 4.19, 4287, 31904, 13.4372
2025/03/18 04:12:37.777, 0, 0, 12288, 3292, 40.62, 3.37, 4287, 31904, 13.4372
2025/03/18 04:12:39.817, 88, 51, 12288, 3292, 131.35, 7.9, 4284, 31904, 13.4278
2025/03/18 04:12:41.885, 2, 0, 12288, 3292, 44.95, 2.93, 4288, 31904, 13.4403
2025/03/18 04:12:43.937, 1, 0, 12288, 3292, 40.20, 8.69, 4290, 31904, 13.4466
2025/03/18 04:12:46.004, 3, 1, 12288, 3292, 59.55, 3.37, 4283, 31904, 13.4246
2025/03/18 04:12:48.069, 0, 0, 12288, 3292, 40.18, 4.81, 4279, 31904, 13.4121
2025/03/18 04:12:50.109, 88, 52, 12288, 3292, 144.20, 7.35, 4288, 31904, 13.4403
2025/03/18 04:12:52.162, 0, 0, 12288, 3292, 44.45, 2.44, 4292, 31904, 13.4529
2025/03/18 04:12:54.237, 37, 32, 12288, 3292, 44.88, 8.67, 4284, 31904, 13.4278
2025/03/18 04:12:56.285, 3, 1, 12288, 3292, 48.54, 3.2, 4293, 31904, 13.456
2025/03/18 04:12:58.349, 0, 0, 12288, 3292, 40.23, 5.73, 4282, 31904, 13.4215
2025/03/18 04:13:00.389, 72, 42, 12288, 3292, 143.52, 7.18, 4284, 31904, 13.4278
2025/03/18 04:13:02.453, 0, 0, 12288, 3292, 44.00, 2.52, 4290, 31904, 13.4466
2025/03/18 04:13:04.505, 40, 35, 12288, 3292, 52.31, 8.75, 4290, 31904, 13.4466
2025/03/18 04:13:06.576, 3, 0, 12288, 3292, 45.33, 2.96, 4289, 31904, 13.4435
2025/03/18 04:13:08.641, 0, 0, 12288, 3292, 40.21, 7.34, 4285, 31904, 13.4309
2025/03/18 04:13:10.681, 68, 40, 12288, 3292, 136.82, 6.51, 4287, 31904, 13.4372
2025/03/18 04:13:12.737, 0, 0, 12288, 3292, 44.08, 2.76, 4286, 31904, 13.4341
2025/03/18 04:13:14.785, 100, 87, 12288, 3292, 61.58, 8.75, 4278, 31904, 13.409
2025/03/18 04:13:16.833, 3, 0, 12288, 3292, 45.38, 3.76, 4282, 31904, 13.4215
2025/03/18 04:13:18.913, 0, 0, 12288, 3292, 40.12, 7.53, 4289, 31904, 13.4435
2025/03/18 04:13:20.953, 0, 0, 12288, 3292, 125.61, 5.86, 4290, 31904, 13.4466
2025/03/18 04:13:23.009, 0, 0, 12288, 3292, 43.51, 2.52, 4290, 31904, 13.4466
2025/03/18 04:13:25.065, 100, 88, 12288, 3292, 74.73, 8.76, 4298, 31904, 13.4717
2025/03/18 04:13:27.113, 3, 0, 12288, 3292, 45.33, 3.19, 4293, 31904, 13.456
2025/03/18 04:13:29.204, 0, 0, 12288, 3292, 40.09, 7.86, 4285, 31904, 13.4309
2025/03/18 04:13:31.245, 0, 0, 12288, 3292, 116.21, 5.54, 4288, 31904, 13.4403
2025/03/18 04:13:33.309, 0, 0, 12288, 3292, 43.09, 2.52, 4292, 31904, 13.4529
2025/03/18 04:13:35.361, 100, 81, 12288, 3292, 74.77, 8.74, 4284, 31904, 13.4278
2025/03/18 04:13:37.429, 2, 0, 12288, 3292, 45.27, 3.18, 4294, 31904, 13.4591
2025/03/18 04:13:39.493, 0, 0, 12288, 3292, 40.06, 7.9, 4283, 31904, 13.4246
2025/03/18 04:13:41.533, 0, 0, 12288, 3292, 118.06, 5.36, 4294, 31904, 13.4591
2025/03/18 04:13:43.601, 0, 0, 12288, 3292, 42.65, 2.69, 4299, 31904, 13.4748
2025/03/18 04:13:45.653, 100, 81, 12288, 3292, 91.97, 8.67, 4289, 31904, 13.4435
2025/03/18 04:13:47.693, 3, 0, 12288, 3292, 45.32, 2.61, 4293, 31904, 13.456
2025/03/18 04:13:49.754, 0, 0, 12288, 3292, 40.15, 8.54, 4283, 31904, 13.4246
2025/03/18 04:13:51.813, 0, 0, 12288, 3292, 107.22, 4.79, 4285, 31904, 13.4309
2025/03/18 04:13:53.874, 0, 0, 12288, 3292, 42.18, 2.35, 4291, 31904, 13.4497
2025/03/18 04:13:55.925, 100, 81, 12288, 3292, 92.28, 8.51, 4287, 31904, 13.4372
2025/03/18 04:13:57.965, 2, 0, 12288, 3292, 45.27, 2.53, 4296, 31904, 13.4654
2025/03/18 04:14:00.056, 0, 0, 12288, 3292, 40.15, 9.35, 4288, 31904, 13.4403
2025/03/18 04:14:02.097, 0, 0, 12288, 3292, 97.61, 4.53, 4287, 31904, 13.4372
2025/03/18 04:14:04.173, 0, 0, 12288, 3292, 41.59, 2.52, 4287, 31904, 13.4372
2025/03/18 04:14:06.225, 100, 72, 12288, 3292, 82.38, 8.26, 4287, 31904, 13.4372
2025/03/18 04:14:08.269, 2, 0, 12288, 3292, 45.27, 2.6, 4289, 31904, 13.4435
2025/03/18 04:14:10.357, 0, 0, 12288, 3292, 39.99, 9.89, 4282, 31904, 13.4215
2025/03/18 04:14:12.417, 0, 0, 12288, 3292, 88.44, 3.62, 4286, 31904, 13.4341
2025/03/18 04:14:14.477, 0, 0, 12288, 3292, 41.08, 2.85, 4298, 31904, 13.4717
2025/03/18 04:14:16.537, 100, 61, 12288, 3292, 125.95, 8.09, 4287, 31904, 13.4372
2025/03/18 04:14:18.597, 2, 0, 12288, 3292, 45.23, 2.76, 4291, 31904, 13.4497
2025/03/18 04:14:20.650, 0, 0, 12288, 3292, 39.99, 10.07, 4284, 31904, 13.4278
2025/03/18 04:14:22.701, 0, 0, 12288, 3292, 74.94, 3.46, 4291, 31904, 13.4497
2025/03/18 04:14:24.781, 0, 0, 12288, 3292, 40.62, 4.1, 4294, 31904, 13.4591
2025/03/18 04:14:26.821, 100, 61, 12288, 3292, 128.71, 7.98, 4287, 31904, 13.4372
2025/03/18 04:14:28.878, 2, 0, 12288, 3292, 44.86, 2.44, 4295, 31904, 13.4623
2025/03/18 04:14:30.953, 3, 1, 12288, 3292, 40.13, 8.6, 4290, 31904, 13.4466
2025/03/18 04:14:33.001, 2, 0, 12288, 3292, 63.35, 3.46, 4295, 31904, 13.4623
2025/03/18 04:14:35.069, 0, 0, 12288, 3292, 40.17, 5.85, 4289, 31904, 13.4435
2025/03/18 04:14:37.109, 99, 60, 12288, 3292, 138.31, 7.45, 4286, 31904, 13.4341
2025/03/18 04:14:39.185, 0, 0, 12288, 3292, 44.40, 2.77, 4293, 31904, 13.456
2025/03/18 04:14:41.237, 6, 1, 12288, 3292, 47.06, 8.67, 4288, 31904, 13.4403
2025/03/18 04:14:43.285, 2, 0, 12288, 3292, 53.81, 3.63, 4295, 31904, 13.4623
2025/03/18 04:14:45.350, 0, 0, 12288, 3292, 40.20, 6.11, 4301, 31904, 13.4811
2025/03/18 04:14:47.409, 77, 49, 12288, 3292, 145.91, 7.04, 4303, 31904, 13.4873
2025/03/18 04:14:49.466, 0, 0, 12288, 3292, 44.04, 2.1, 4296, 31904, 13.4654
2025/03/18 04:14:51.537, 76, 70, 12288, 3324, 50.53, 8.68, 4293, 31904, 13.456
2025/03/18 04:14:53.585, 2, 0, 12288, 3324, 50.06, 3.53, 4294, 31904, 13.4591
2025/03/18 04:14:55.646, 0, 0, 12288, 3324, 40.20, 6.2, 4292, 31904, 13.4529
2025/03/18 04:14:57.685, 88, 55, 12288, 3324, 144.65, 6.78, 4297, 31904, 13.4685
2025/03/18 04:14:59.764, 0, 0, 12288, 3324, 44.46, 2.6, 4303, 31904, 13.4873
2025/03/18 04:15:01.817, 67, 62, 12288, 3324, 58.46, 8.68, 4287, 31904, 13.4372
2025/03/18 04:15:03.865, 2, 0, 12288, 3324, 45.32, 3.85, 4299, 31904, 13.4748
2025/03/18 04:15:05.925, 0, 0, 12288, 3324, 40.14, 6.77, 4294, 31904, 13.4591
2025/03/18 04:15:07.965, 44, 23, 12288, 3324, 138.49, 6.91, 4294, 31904, 13.4591
2025/03/18 04:15:10.022, 0, 0, 12288, 3324, 43.91, 2.6, 4296, 31904, 13.4654
2025/03/18 04:15:12.073, 60, 54, 12288, 3324, 56.91, 8.68, 4290, 31904, 13.4466
2025/03/18 04:15:14.141, 2, 0, 12288, 3324, 45.32, 3.69, 4294, 31904, 13.4591
2025/03/18 04:15:16.201, 0, 0, 12288, 3324, 40.11, 6.96, 4282, 31904, 13.4215
2025/03/18 04:15:18.241, 55, 31, 12288, 3324, 134.03, 6.68, 4285, 31904, 13.4309
2025/03/18 04:15:20.301, 0, 0, 12288, 3324, 43.97, 2.52, 4300, 31904, 13.4779
2025/03/18 04:15:22.349, 100, 86, 12288, 3324, 63.57, 8.83, 4298, 31904, 13.4717
2025/03/18 04:15:24.397, 2, 0, 12288, 3324, 45.34, 3.69, 4306, 31904, 13.4967
2025/03/18 04:15:26.458, 0, 0, 12288, 3324, 40.19, 6.97, 4302, 31904, 13.4842
2025/03/18 04:15:28.497, 63, 36, 12288, 3324, 135.38, 6.34, 4304, 31904, 13.4905
2025/03/18 04:15:30.553, 0, 0, 12288, 3324, 43.53, 2.6, 4297, 31904, 13.4685
2025/03/18 04:15:32.605, 100, 87, 12288, 3324, 75.13, 8.6, 4295, 31904, 13.4623
2025/03/18 04:15:34.652, 2, 0, 12288, 3324, 45.32, 3.03, 4301, 31904, 13.4811
2025/03/18 04:15:36.729, 0, 0, 12288, 3324, 40.19, 7.49, 4299, 31904, 13.4748
2025/03/18 04:15:38.769, 0, 0, 12288, 3324, 126.36, 6.17, 4300, 31904, 13.4779
2025/03/18 04:15:40.833, 0, 0, 12288, 3324, 43.05, 2.19, 4299, 31904, 13.4748
2025/03/18 04:15:42.885, 100, 87, 12288, 3324, 72.10, 8.9, 4305, 31904, 13.4936
2025/03/18 04:15:44.937, 2, 0, 12288, 3324, 45.33, 2.94, 4305, 31904, 13.4936
2025/03/18 04:15:47.025, 0, 0, 12288, 3324, 40.11, 8.27, 4295, 31904, 13.4623
2025/03/18 04:15:49.065, 0, 0, 12288, 3868, 117.36, 5.62, 4287, 31904, 13.4372
2025/03/18 04:15:51.125, 0, 0, 12288, 3868, 42.50, 2.85, 4293, 31904, 13.456
2025/03/18 04:15:53.177, 100, 82, 12288, 3868, 72.78, 8.5, 4299, 31904, 13.4748
2025/03/18 04:15:55.225, 2, 0, 12288, 3868, 45.30, 3.1, 4297, 31904, 13.4685
2025/03/18 04:15:57.305, 0, 0, 12288, 3868, 40.14, 9.02, 4292, 31904, 13.4529
2025/03/18 04:15:59.345, 0, 0, 12288, 3868, 109.90, 5.69, 4296, 31904, 13.4654
2025/03/18 04:16:01.425, 0, 0, 12288, 3868, 42.12, 2.6, 4292, 31904, 13.4529
2025/03/18 04:16:03.477, 100, 81, 12288, 3868, 87.42, 8.58, 4289, 31904, 13.4435
2025/03/18 04:16:05.542, 2, 0, 12288, 3868, 45.29, 2.69, 4295, 31904, 13.4623
2025/03/18 04:16:07.602, 0, 0, 12288, 3868, 40.25, 9.17, 4290, 31904, 13.4466
2025/03/18 04:16:09.641, 0, 0, 12288, 3868, 105.13, 4.63, 4292, 31904, 13.4529
2025/03/18 04:16:11.697, 0, 0, 12288, 3868, 41.71, 2.36, 4296, 31904, 13.4654
2025/03/18 04:16:13.753, 100, 80, 12288, 3868, 94.65, 8.67, 4285, 31904, 13.4309
2025/03/18 04:16:15.821, 3, 0, 12288, 3868, 45.34, 2.61, 4289, 31904, 13.4435
2025/03/18 04:16:17.889, 0, 0, 12288, 3868, 40.09, 9.73, 4278, 31904, 13.409
2025/03/18 04:16:19.929, 0, 0, 12288, 3868, 98.02, 4.38, 4285, 31904, 13.4309
2025/03/18 04:16:22.009, 0, 0, 12288, 3868, 41.22, 2.27, 4289, 31904, 13.4435
2025/03/18 04:16:24.061, 100, 81, 12288, 3868, 81.89, 8.42, 4287, 31904, 13.4372
2025/03/18 04:16:26.109, 3, 0, 12288, 3868, 45.31, 2.69, 4292, 31904, 13.4529
2025/03/18 04:16:28.193, 0, 0, 12288, 3868, 40.04, 10.16, 4288, 31904, 13.4403
2025/03/18 04:16:30.233, 0, 0, 12288, 3868, 91.53, 4.43, 4293, 31904, 13.456
2025/03/18 04:16:32.293, 0, 0, 12288, 3868, 41.59, 2.76, 4280, 31904, 13.4152
2025/03/18 04:16:34.345, 100, 66, 12288, 3868, 108.92, 8.66, 4282, 31904, 13.4215
2025/03/18 04:16:36.405, 3, 0, 12288, 3868, 45.33, 2.28, 4291, 31904, 13.4497
2025/03/18 04:16:38.477, 0, 0, 12288, 3868, 40.11, 10.07, 4292, 31904, 13.4529
2025/03/18 04:16:40.517, 0, 0, 12288, 3868, 86.32, 3.96, 4293, 31904, 13.456
2025/03/18 04:16:42.581, 0, 0, 12288, 3868, 41.59, 2.76, 4295, 31904, 13.4623
2025/03/18 04:16:44.633, 100, 70, 12288, 3868, 113.69, 8.49, 4285, 31904, 13.4309
2025/03/18 04:16:46.681, 3, 1, 12288, 3868, 45.32, 2.27, 4288, 31904, 13.4403
2025/03/18 04:16:48.738, 0, 0, 12288, 3868, 39.99, 10.28, 4274, 31904, 13.3964
2025/03/18 04:16:50.777, 0, 0, 12288, 3868, 90.15, 4.11, 4284, 31904, 13.4278
2025/03/18 04:16:52.857, 0, 0, 12288, 3868, 41.13, 2.11, 4287, 31904, 13.4372
2025/03/18 04:16:54.909, 99, 60, 12288, 3868, 87.71, 8.44, 4282, 31904, 13.4215
2025/03/18 04:16:56.969, 3, 0, 12288, 3868, 45.36, 2.85, 4289, 31904, 13.4435
2025/03/18 04:16:59.037, 0, 0, 12288, 3868, 40.09, 9.81, 4286, 31904, 13.4341
2025/03/18 04:17:01.093, 0, 0, 12288, 3868, 76.40, 4.11, 4289, 31904, 13.4435
2025/03/18 04:17:03.169, 0, 0, 12288, 3868, 40.73, 2.53, 4290, 31904, 13.4466
2025/03/18 04:17:05.229, 100, 64, 12288, 3868, 124.01, 8.42, 4288, 31904, 13.4403
2025/03/18 04:17:07.269, 3, 0, 12288, 3868, 45.30, 2.69, 4292, 31904, 13.4529
2025/03/18 04:17:09.321, 0, 0, 12288, 3868, 40.00, 10.25, 4291, 31904, 13.4497
2025/03/18 04:17:11.380, 0, 0, 12288, 3868, 71.21, 3.46, 4289, 31904, 13.4435
2025/03/18 04:17:13.457, 0, 0, 12288, 3868, 41.15, 3.03, 4290, 31904, 13.4466
2025/03/18 04:17:15.497, 100, 61, 12288, 3868, 129.77, 8.41, 4286, 31904, 13.4341
2025/03/18 04:17:17.541, 2, 0, 12288, 3868, 45.27, 2.93, 4301, 31904, 13.4811
2025/03/18 04:17:19.598, 0, 0, 12288, 3868, 40.00, 10.07, 4293, 31904, 13.456
2025/03/18 04:17:21.633, 0, 0, 12288, 3868, 78.28, 3.87, 4299, 31904, 13.4748
2025/03/18 04:17:23.701, 0, 0, 12288, 3868, 40.66, 2.52, 4300, 31904, 13.4779
2025/03/18 04:17:25.741, 99, 59, 12288, 3868, 88.60, 8.58, 4294, 31904, 13.4591
2025/03/18 04:17:27.789, 3, 0, 12288, 3868, 45.30, 2.36, 4304, 31904, 13.4905
2025/03/18 04:17:29.865, 0, 0, 12288, 3868, 40.07, 10.16, 4301, 31904, 13.4811
2025/03/18 04:17:31.905, 0, 0, 12288, 3868, 76.55, 3.96, 4302, 31904, 13.4842
2025/03/18 04:17:33.958, 0, 0, 12288, 3868, 40.64, 2.61, 4303, 31904, 13.4873
2025/03/18 04:17:36.001, 100, 64, 12288, 3868, 122.41, 8.42, 4293, 31904, 13.456
2025/03/18 04:17:38.053, 3, 0, 12288, 3868, 45.34, 2.27, 4299, 31904, 13.4748
2025/03/18 04:17:40.117, 0, 0, 12288, 3868, 40.12, 10.34, 4299, 31904, 13.4748
2025/03/18 04:17:42.153, 0, 0, 12288, 3868, 86.44, 2.26, 4291, 31904, 13.4497
