timestamp,utilization.gpu [%],utilization.memory [%],memory.total [MiB],memory.used [MiB],power.draw [W],cpu_usage [%],memory_used [MiB],memory_total [MiB],memory_utilization [%]
2025/03/18 04:39:30.660, 4, 8, 12288, 439, 15.99, 13.56, 2842, 31904, 8.90797
2025/03/18 04:39:32.678, 28, 15, 12288, 442, 17.58, 10.95, 3083, 31904, 9.66337
2025/03/18 04:39:34.696, 62, 33, 12288, 442, 16.61, 11.25, 3106, 31904, 9.73546
2025/03/18 04:39:36.714, 29, 14, 12288, 438, 17.51, 20.59, 3191, 31904, 10.0019
2025/03/18 04:39:38.756, 28, 16, 12288, 438, 17.88, 5.62, 3200, 31904, 10.0301
2025/03/18 04:39:40.789, 32, 17, 12288, 446, 18.19, 20.28, 4228, 31904, 13.2523
2025/03/18 04:39:42.814, 7, 2, 12288, 957, 31.26, 6.27, 4555, 31904, 14.2772
2025/03/18 04:39:44.875, 7, 2, 12288, 953, 42.37, 6.55, 4578, 31904, 14.3493
2025/03/18 04:39:46.905, 7, 2, 12288, 953, 42.53, 5.21, 4580, 31904, 14.3556
2025/03/18 04:39:48.972, 6, 2, 12288, 948, 42.58, 5.89, 4607, 31904, 14.4402
2025/03/18 04:39:51.010, 7, 2, 12288, 948, 42.59, 6.2, 4609, 31904, 14.4465
2025/03/18 04:39:53.029, 6, 2, 12288, 948, 42.87, 4.81, 4628, 31904, 14.506
2025/03/18 04:39:55.057, 6, 2, 12288, 948, 42.79, 5.15, 4698, 31904, 14.7254
2025/03/18 04:39:57.104, 5, 2, 12288, 948, 42.59, 5.19, 4625, 31904, 14.4966
2025/03/18 04:39:59.149, 6, 2, 12288, 948, 41.98, 6.09, 4630, 31904, 14.5123
2025/03/18 04:40:01.184, 42, 27, 12288, 927, 17.49, 5.21, 4639, 31904, 14.5405
2025/03/18 04:40:03.240, 28, 15, 12288, 927, 17.68, 4.97, 4652, 31904, 14.5812
2025/03/18 04:40:05.277, 24, 14, 12288, 927, 17.59, 5.13, 4654, 31904, 14.5875
2025/03/18 04:40:07.299, 45, 29, 12288, 927, 16.74, 5.46, 4641, 31904, 14.5468
2025/03/18 04:40:09.327, 25, 15, 12288, 927, 17.62, 5.22, 4619, 31904, 14.4778
2025/03/18 04:40:11.365, 45, 29, 12288, 927, 16.74, 5.62, 4632, 31904, 14.5186
2025/03/18 04:40:13.411, 43, 28, 12288, 927, 17.56, 5.21, 4638, 31904, 14.5374
2025/03/18 04:40:15.450, 26, 15, 12288, 927, 17.61, 10.68, 4575, 31904, 14.3399
2025/03/18 04:40:17.470, 5, 2, 12288, 3277, 90.13, 12.17, 5415, 31904, 16.9728
2025/03/18 04:40:19.492, 5, 1, 12288, 3283, 44.23, 7.59, 5421, 31904, 16.9916
2025/03/18 04:40:21.534, 81, 76, 12288, 3314, 58.66, 11.51, 5415, 31904, 16.9728
2025/03/18 04:40:23.554, 4, 1, 12288, 3314, 45.46, 5.97, 5417, 31904, 16.9791
2025/03/18 04:40:25.616, 0, 0, 12288, 3314, 41.17, 12.66, 5410, 31904, 16.9571
2025/03/18 04:40:27.637, 0, 0, 12288, 3858, 47.48, 6.48, 5430, 31904, 17.0198
2025/03/18 04:40:29.662, 0, 0, 12288, 3858, 41.42, 9.49, 5390, 31904, 16.8944
2025/03/18 04:40:31.684, 0, 0, 12288, 3858, 93.07, 6.93, 5476, 31904, 17.164
2025/03/18 04:40:33.714, 0, 0, 12288, 3858, 43.37, 4.88, 5410, 31904, 16.9571
2025/03/18 04:40:35.748, 87, 46, 12288, 3858, 88.74, 9.53, 5418, 31904, 16.9822
2025/03/18 04:40:37.774, 4, 1, 12288, 3858, 46.05, 4.79, 5429, 31904, 17.0167
2025/03/18 04:40:39.806, 31, 26, 12288, 3858, 45.85, 11.33, 5401, 31904, 16.9289
2025/03/18 04:40:41.835, 3, 1, 12288, 3858, 46.04, 5.64, 5434, 31904, 17.0323
2025/03/18 04:40:43.878, 0, 0, 12288, 3858, 41.64, 10.86, 5409, 31904, 16.954
2025/03/18 04:40:45.927, 1, 0, 12288, 3858, 65.99, 5.98, 5428, 31904, 17.0135
2025/03/18 04:40:47.980, 0, 0, 12288, 3858, 41.66, 5.09, 5469, 31904, 17.1421
2025/03/18 04:40:50.021, 1, 0, 12288, 3858, 90.72, 7.32, 5415, 31904, 16.9728
2025/03/18 04:40:52.076, 2, 1, 12288, 3858, 43.61, 5.06, 5436, 31904, 17.0386
2025/03/18 04:40:54.107, 100, 78, 12288, 3858, 73.52, 10.52, 5412, 31904, 16.9634
2025/03/18 04:40:56.162, 4, 0, 12288, 3858, 45.24, 5.54, 5431, 31904, 17.0229
2025/03/18 04:40:58.198, 2, 1, 12288, 3858, 40.56, 11.94, 5421, 31904, 16.9916
2025/03/18 04:41:00.234, 2, 0, 12288, 3858, 45.38, 5.51, 5411, 31904, 16.9603
2025/03/18 04:41:02.283, 0, 0, 12288, 3858, 40.44, 9.56, 5456, 31904, 17.1013
2025/03/18 04:41:04.332, 0, 0, 12288, 4402, 69.07, 5.52, 5410, 31904, 16.9571
2025/03/18 04:41:06.375, 0, 0, 12288, 4402, 41.47, 4.71, 5468, 31904, 17.1389
2025/03/18 04:41:08.393, 5, 1, 12288, 4402, 88.24, 7.86, 5422, 31904, 16.9947
2025/03/18 04:41:10.426, 3, 1, 12288, 4402, 43.73, 4.29, 5434, 31904, 17.0323
2025/03/18 04:41:12.446, 100, 91, 12288, 4402, 56.94, 10.74, 5410, 31904, 16.9571
2025/03/18 04:41:14.493, 3, 1, 12288, 4402, 45.16, 6.1, 5442, 31904, 17.0574
2025/03/18 04:41:16.542, 0, 0, 12288, 4402, 40.11, 12.97, 5418, 31904, 16.9822
2025/03/18 04:41:18.597, 1, 0, 12288, 4402, 45.05, 6.24, 5473, 31904, 17.1546
2025/03/18 04:41:20.629, 0, 0, 12288, 4402, 40.22, 10.27, 5454, 31904, 17.095
2025/03/18 04:41:22.665, 0, 0, 12288, 4402, 82.97, 6.21, 5423, 31904, 16.9979
2025/03/18 04:41:24.695, 1, 0, 12288, 4402, 41.22, 4.65, 5414, 31904, 16.9697
2025/03/18 04:41:26.716, 83, 51, 12288, 4402, 87.85, 9.68, 5414, 31904, 16.9697
2025/03/18 04:41:28.749, 4, 0, 12288, 4402, 43.78, 5.54, 5418, 31904, 16.9822
2025/03/18 04:41:30.797, 86, 79, 12288, 4402, 50.82, 11.22, 5423, 31904, 16.9979
2025/03/18 04:41:32.814, 4, 1, 12288, 4402, 44.86, 5.94, 5425, 31904, 17.0041
2025/03/18 04:41:34.843, 2, 0, 12288, 4402, 39.96, 12.49, 5440, 31904, 17.0512
2025/03/18 04:41:36.879, 0, 0, 12288, 4402, 50.72, 5.74, 5424, 31904, 17.001
2025/03/18 04:41:38.918, 0, 0, 12288, 4402, 40.10, 8.38, 5405, 31904, 16.9414
2025/03/18 04:41:40.953, 2, 1, 12288, 4402, 89.76, 7.09, 5427, 31904, 17.0104
2025/03/18 04:41:42.979, 0, 0, 12288, 4402, 42.38, 5.46, 5419, 31904, 16.9853
2025/03/18 04:41:45.003, 88, 53, 12288, 4402, 77.39, 10.97, 5414, 31904, 16.9697
2025/03/18 04:41:47.024, 4, 1, 12288, 4402, 44.71, 5.87, 5466, 31904, 17.1326
2025/03/18 04:41:49.083, 1, 1, 12288, 4402, 40.73, 12.79, 5410, 31904, 16.9571
2025/03/18 04:41:51.113, 1, 0, 12288, 4402, 44.54, 6.31, 5424, 31904, 17.001
2025/03/18 04:41:53.165, 0, 0, 12288, 4402, 40.66, 10.54, 5401, 31904, 16.9289
2025/03/18 04:41:55.182, 0, 0, 12288, 4402, 68.36, 5.47, 5492, 31904, 17.2141
2025/03/18 04:41:57.218, 0, 0, 12288, 4402, 41.36, 4.48, 5425, 31904, 17.0041
2025/03/18 04:41:59.235, 19, 4, 12288, 4402, 88.88, 7.76, 5421, 31904, 16.9916
2025/03/18 04:42:01.265, 7, 1, 12288, 4402, 43.45, 4.77, 5422, 31904, 16.9947
2025/03/18 04:42:03.295, 92, 86, 12288, 4402, 60.50, 10.57, 5427, 31904, 17.0104
2025/03/18 04:42:05.342, 3, 1, 12288, 4402, 44.54, 4.89, 5439, 31904, 17.048
2025/03/18 04:42:07.376, 0, 0, 12288, 4402, 40.66, 11.76, 5412, 31904, 16.9634
2025/03/18 04:42:09.409, 0, 0, 12288, 4402, 45.59, 6.87, 5417, 31904, 16.9791
2025/03/18 04:42:11.440, 1, 0, 12288, 4402, 40.80, 7.47, 5406, 31904, 16.9446
2025/03/18 04:42:13.456, 0, 0, 12288, 4402, 89.14, 5.73, 5417, 31904, 16.9791
2025/03/18 04:42:15.490, 1, 0, 12288, 4402, 42.43, 6.02, 5430, 31904, 17.0198
2025/03/18 04:42:17.541, 93, 61, 12288, 4402, 80.15, 10.11, 5440, 31904, 17.0512
2025/03/18 04:42:19.590, 4, 1, 12288, 4402, 44.04, 5.3, 5432, 31904, 17.0261
2025/03/18 04:42:21.641, 4, 1, 12288, 4402, 40.73, 11.3, 5418, 31904, 16.9822
2025/03/18 04:42:23.708, 2, 1, 12288, 4402, 44.49, 5.32, 5421, 31904, 16.9916
2025/03/18 04:42:25.739, 0, 0, 12288, 4402, 40.65, 11.48, 5410, 31904, 16.9571
2025/03/18 04:42:27.759, 0, 0, 12288, 4402, 62.65, 6.39, 5428, 31904, 17.0135
2025/03/18 04:42:29.824, 0, 0, 12288, 4402, 41.22, 6.62, 5438, 31904, 17.0449
2025/03/18 04:42:31.861, 3, 1, 12288, 4402, 89.48, 7.8, 5424, 31904, 17.001
2025/03/18 04:42:33.904, 3, 0, 12288, 4402, 43.01, 5.85, 5479, 31904, 17.1734
2025/03/18 04:42:35.922, 100, 94, 12288, 4402, 64.46, 11.3, 5420, 31904, 16.9885
2025/03/18 04:42:37.973, 3, 0, 12288, 4402, 44.52, 5.95, 5423, 31904, 16.9979
2025/03/18 04:42:40.004, 0, 0, 12288, 4402, 40.48, 12.85, 5407, 31904, 16.9477
2025/03/18 04:42:42.041, 0, 0, 12288, 4402, 44.44, 6.55, 5452, 31904, 17.0888
2025/03/18 04:42:44.064, 0, 0, 12288, 4402, 40.59, 10.01, 5407, 31904, 16.9477
2025/03/18 04:42:46.085, 0, 0, 12288, 4402, 76.35, 6.44, 5429, 31904, 17.0167
2025/03/18 04:42:48.119, 0, 0, 12288, 4402, 41.57, 5.78, 5427, 31904, 17.0104
2025/03/18 04:42:50.174, 24, 8, 12288, 4402, 89.00, 8.86, 5445, 31904, 17.0668
2025/03/18 04:42:52.202, 4, 1, 12288, 4402, 43.30, 4.71, 5443, 31904, 17.0606
2025/03/18 04:42:54.232, 81, 75, 12288, 4402, 51.45, 10.68, 5411, 31904, 16.9603
2025/03/18 04:42:56.270, 3, 1, 12288, 4402, 44.48, 5.1, 5439, 31904, 17.048
2025/03/18 04:42:58.288, 0, 0, 12288, 4402, 40.56, 10.65, 5424, 31904, 17.001
2025/03/18 04:43:00.305, 0, 0, 12288, 4402, 51.28, 5.29, 5422, 31904, 16.9947
2025/03/18 04:43:02.361, 1, 0, 12288, 4402, 40.78, 7.94, 5415, 31904, 16.9728
2025/03/18 04:43:04.401, 0, 0, 12288, 4402, 90.38, 6.11, 5415, 31904, 16.9728
2025/03/18 04:43:06.436, 0, 0, 12288, 4402, 42.61, 4.92, 5437, 31904, 17.0418
2025/03/18 04:43:08.481, 87, 51, 12288, 4402, 86.03, 9.48, 5434, 31904, 17.0323
2025/03/18 04:43:10.511, 4, 1, 12288, 4402, 44.21, 5.22, 5436, 31904, 17.0386
2025/03/18 04:43:12.561, 42, 36, 12288, 4402, 45.77, 11.75, 5416, 31904, 16.9759
2025/03/18 04:43:14.601, 3, 1, 12288, 4402, 44.42, 6.22, 5506, 31904, 17.258
2025/03/18 04:43:16.622, 0, 0, 12288, 4402, 40.60, 11.38, 5441, 31904, 17.0543
2025/03/18 04:43:18.661, 1, 0, 12288, 4402, 56.57, 8.73, 5456, 31904, 17.1013
2025/03/18 04:43:20.701, 1, 0, 12288, 4402, 40.93, 8.1, 5438, 31904, 17.0449
2025/03/18 04:43:22.737, 2, 1, 12288, 4402, 88.99, 7.79, 5435, 31904, 17.0355
2025/03/18 04:43:24.761, 1, 0, 12288, 4402, 42.56, 6.37, 5520, 31904, 17.3019
2025/03/18 04:43:26.798, 88, 55, 12288, 4402, 72.76, 10.34, 5454, 31904, 17.095
2025/03/18 04:43:28.820, 3, 1, 12288, 4402, 44.58, 5.97, 5462, 31904, 17.1201
2025/03/18 04:43:30.862, 1, 0, 12288, 4402, 40.67, 13.18, 5448, 31904, 17.0762
2025/03/18 04:43:32.893, 0, 0, 12288, 4402, 44.44, 6.37, 5462, 31904, 17.1201
2025/03/18 04:43:34.931, 0, 0, 12288, 4402, 40.72, 10.74, 5445, 31904, 17.0668
2025/03/18 04:43:36.955, 0, 0, 12288, 4402, 68.07, 5.58, 5463, 31904, 17.1232
2025/03/18 04:43:38.989, 0, 0, 12288, 4402, 41.31, 6.13, 5463, 31904, 17.1232
2025/03/18 04:43:41.031, 7, 1, 12288, 4402, 88.53, 8.2, 5456, 31904, 17.1013
2025/03/18 04:43:43.062, 3, 0, 12288, 4402, 43.06, 5.7, 5471, 31904, 17.1483
2025/03/18 04:43:45.106, 100, 95, 12288, 4402, 63.15, 12.23, 5463, 31904, 17.1232
2025/03/18 04:43:47.127, 2, 1, 12288, 4402, 44.41, 6.05, 5470, 31904, 17.1452
2025/03/18 04:43:49.161, 0, 0, 12288, 4402, 40.60, 13.39, 5472, 31904, 17.1515
2025/03/18 04:43:51.201, 0, 0, 12288, 4402, 44.44, 5.66, 5475, 31904, 17.1609
2025/03/18 04:43:53.249, 0, 0, 12288, 4402, 40.57, 9.06, 5447, 31904, 17.0731
2025/03/18 04:43:55.286, 0, 0, 12288, 4402, 76.44, 4.81, 5525, 31904, 17.3176
2025/03/18 04:43:57.334, 0, 0, 12288, 4402, 41.27, 4.87, 5475, 31904, 17.1609
2025/03/18 04:43:59.357, 9, 2, 12288, 4402, 88.74, 7.29, 5466, 31904, 17.1326
2025/03/18 04:44:01.414, 2, 1, 12288, 4402, 43.36, 4.94, 5474, 31904, 17.1577
2025/03/18 04:44:03.439, 100, 96, 12288, 4402, 63.14, 10.13, 5441, 31904, 17.0543
2025/03/18 04:44:05.468, 4, 1, 12288, 4402, 44.58, 5.54, 5484, 31904, 17.1891
2025/03/18 04:44:07.513, 1, 0, 12288, 4402, 40.71, 13.51, 5460, 31904, 17.1138
2025/03/18 04:44:09.533, 0, 0, 12288, 4402, 44.51, 8.77, 5440, 31904, 17.0512
2025/03/18 04:44:11.563, 1, 0, 12288, 4402, 40.70, 9.85, 5433, 31904, 17.0292
2025/03/18 04:44:13.579, 0, 0, 12288, 4402, 83.52, 6.4, 5455, 31904, 17.0982
2025/03/18 04:44:15.600, 0, 0, 12288, 4402, 41.92, 5.39, 5470, 31904, 17.1452
2025/03/18 04:44:17.630, 87, 54, 12288, 4402, 88.35, 9.79, 5512, 31904, 17.2768
2025/03/18 04:44:19.673, 3, 0, 12288, 4402, 43.77, 6.2, 5454, 31904, 17.095
2025/03/18 04:44:21.708, 8, 2, 12288, 4402, 47.95, 11.79, 5450, 31904, 17.0825
2025/03/18 04:44:23.727, 3, 1, 12288, 4402, 44.50, 6.48, 5461, 31904, 17.117
2025/03/18 04:44:25.754, 0, 0, 12288, 4402, 40.66, 12.17, 5448, 31904, 17.0762
2025/03/18 04:44:27.771, 0, 0, 12288, 4402, 56.94, 7.17, 5474, 31904, 17.1577
2025/03/18 04:44:29.802, 1, 0, 12288, 4402, 40.90, 9.48, 5452, 31904, 17.0888
2025/03/18 04:44:31.823, 2, 0, 12288, 4402, 90.15, 7.39, 5446, 31904, 17.07
2025/03/18 04:44:33.884, 2, 1, 12288, 4402, 42.43, 6.49, 5462, 31904, 17.1201
2025/03/18 04:44:35.912, 100, 86, 12288, 4402, 71.66, 10.7, 5454, 31904, 17.095
2025/03/18 04:44:37.945, 3, 1, 12288, 4402, 44.53, 6.05, 5509, 31904, 17.2674
2025/03/18 04:44:39.962, 4, 1, 12288, 4402, 40.63, 13.56, 5456, 31904, 17.1013
2025/03/18 04:44:41.980, 1, 0, 12288, 4402, 44.42, 6.59, 5461, 31904, 17.117
2025/03/18 04:44:44.012, 0, 0, 12288, 4402, 40.59, 10.91, 5448, 31904, 17.0762
2025/03/18 04:44:46.029, 0, 0, 12288, 4402, 72.65, 6.39, 5455, 31904, 17.0982
2025/03/18 04:44:48.081, 0, 0, 12288, 4402, 41.60, 5.54, 5477, 31904, 17.1671
2025/03/18 04:44:50.107, 88, 50, 12288, 4402, 88.07, 8.52, 5459, 31904, 17.1107
2025/03/18 04:44:52.144, 2, 1, 12288, 4402, 43.36, 5.79, 5475, 31904, 17.1609
2025/03/18 04:44:54.194, 100, 93, 12288, 4402, 57.24, 11.14, 5459, 31904, 17.1107
2025/03/18 04:44:56.211, 3, 1, 12288, 4402, 44.44, 4.59, 5478, 31904, 17.1703
2025/03/18 04:44:58.241, 0, 0, 12288, 4402, 40.52, 11.69, 5499, 31904, 17.2361
2025/03/18 04:45:00.277, 1, 0, 12288, 4402, 44.49, 5.56, 5453, 31904, 17.0919
2025/03/18 04:45:02.310, 0, 0, 12288, 4402, 40.74, 8.02, 5439, 31904, 17.048
2025/03/18 04:45:04.345, 0, 0, 12288, 4402, 79.99, 5.45, 5462, 31904, 17.1201
2025/03/18 04:45:06.384, 1, 0, 12288, 4402, 41.93, 5.02, 5466, 31904, 17.1326
2025/03/18 04:45:08.417, 84, 49, 12288, 4402, 88.39, 8.18, 5455, 31904, 17.0982
2025/03/18 04:45:10.465, 4, 1, 12288, 4402, 43.58, 5.25, 5462, 31904, 17.1201
2025/03/18 04:45:12.499, 29, 23, 12288, 4402, 50.89, 12.08, 5462, 31904, 17.1201
2025/03/18 04:45:14.520, 2, 0, 12288, 4402, 44.53, 6.55, 5459, 31904, 17.1107
2025/03/18 04:45:16.555, 0, 0, 12288, 4402, 40.77, 12.69, 5455, 31904, 17.0982
2025/03/18 04:45:18.578, 0, 0, 12288, 4402, 50.38, 5.68, 5461, 31904, 17.117
2025/03/18 04:45:20.641, 0, 0, 12288, 4402, 40.78, 9.31, 5451, 31904, 17.0856
2025/03/18 04:45:22.677, 0, 0, 12288, 4402, 86.29, 6.89, 5478, 31904, 17.1703
2025/03/18 04:45:24.703, 0, 0, 12288, 4402, 41.90, 5.71, 5467, 31904, 17.1358
2025/03/18 04:45:26.736, 91, 52, 12288, 4402, 87.69, 9.71, 5464, 31904, 17.1264
2025/03/18 04:45:28.769, 3, 1, 12288, 4402, 43.95, 6.77, 5519, 31904, 17.2988
2025/03/18 04:45:30.790, 13, 4, 12288, 4402, 41.71, 11.67, 5468, 31904, 17.1389
2025/03/18 04:45:32.833, 2, 1, 12288, 4402, 44.41, 6.08, 5472, 31904, 17.1515
2025/03/18 04:45:34.872, 0, 0, 12288, 4402, 40.58, 12.91, 5446, 31904, 17.07
2025/03/18 04:45:36.895, 0, 0, 12288, 4402, 61.99, 6.69, 5456, 31904, 17.1013
2025/03/18 04:45:38.930, 0, 0, 12288, 4402, 40.76, 8.76, 5459, 31904, 17.1107
2025/03/18 04:45:40.951, 1, 0, 12288, 4402, 93.35, 8.39, 5465, 31904, 17.1295
2025/03/18 04:45:42.993, 2, 0, 12288, 4402, 43.32, 6.26, 5470, 31904, 17.1452
2025/03/18 04:45:45.065, 100, 90, 12288, 4402, 71.50, 13.18, 5462, 31904, 17.1201
2025/03/18 04:45:47.117, 2, 1, 12288, 4402, 44.51, 5.88, 5470, 31904, 17.1452
2025/03/18 04:45:49.153, 0, 0, 12288, 4402, 40.64, 13.41, 5434, 31904, 17.0323
2025/03/18 04:45:51.190, 0, 0, 12288, 4402, 44.56, 5.57, 5463, 31904, 17.1232
2025/03/18 04:45:53.218, 0, 0, 12288, 4402, 40.65, 9.2, 5446, 31904, 17.07
2025/03/18 04:45:55.235, 1, 0, 12288, 4402, 83.89, 6.44, 5460, 31904, 17.1138
2025/03/18 04:45:57.267, 0, 0, 12288, 4402, 42.27, 4.45, 5467, 31904, 17.1358
2025/03/18 04:45:59.313, 61, 34, 12288, 4402, 89.01, 8.12, 5449, 31904, 17.0794
2025/03/18 04:46:01.350, 2, 1, 12288, 4402, 43.93, 4.46, 5468, 31904, 17.1389
2025/03/18 04:46:03.389, 37, 31, 12288, 4402, 51.98, 10.28, 5505, 31904, 17.2549
2025/03/18 04:46:05.418, 2, 1, 12288, 4402, 44.40, 4.89, 5477, 31904, 17.1671
2025/03/18 04:46:07.454, 0, 0, 12288, 4402, 40.52, 10.71, 5482, 31904, 17.1828
2025/03/18 04:46:09.504, 0, 0, 12288, 4402, 47.01, 6.81, 5459, 31904, 17.1107
2025/03/18 04:46:11.536, 0, 0, 12288, 4402, 40.81, 9.77, 5452, 31904, 17.0888
2025/03/18 04:46:13.569, 0, 0, 12288, 4402, 90.35, 6.87, 5468, 31904, 17.1389
2025/03/18 04:46:15.603, 0, 0, 12288, 4402, 42.29, 5.36, 5471, 31904, 17.1483
2025/03/18 04:46:17.623, 87, 52, 12288, 4402, 85.50, 10.04, 5464, 31904, 17.1264
2025/03/18 04:46:19.677, 3, 1, 12288, 4402, 44.32, 5.09, 5478, 31904, 17.1703
2025/03/18 04:46:21.721, 34, 29, 12288, 4402, 44.90, 11.79, 5508, 31904, 17.2643
2025/03/18 04:46:23.752, 3, 1, 12288, 4402, 44.43, 5.91, 5474, 31904, 17.1577
2025/03/18 04:46:25.798, 0, 0, 12288, 4402, 40.65, 12.11, 5443, 31904, 17.0606
2025/03/18 04:46:27.842, 0, 0, 12288, 4402, 57.00, 6.06, 5469, 31904, 17.1421
2025/03/18 04:46:29.897, 0, 0, 12288, 4402, 40.71, 8.47, 5448, 31904, 17.0762
2025/03/18 04:46:31.919, 1, 0, 12288, 4402, 88.61, 8.25, 5465, 31904, 17.1295
2025/03/18 04:46:33.953, 0, 0, 12288, 4402, 42.67, 5.87, 5523, 31904, 17.3113
2025/03/18 04:46:36.009, 87, 53, 12288, 4402, 81.45, 10.18, 5444, 31904, 17.0637
2025/03/18 04:46:38.043, 4, 1, 12288, 4402, 44.23, 6.25, 5465, 31904, 17.1295
2025/03/18 04:46:40.072, 0, 0, 12288, 4402, 40.63, 11.95, 5463, 31904, 17.1232
2025/03/18 04:46:42.091, 4, 1, 12288, 4402, 44.38, 5.6, 5459, 31904, 17.1107
2025/03/18 04:46:44.125, 0, 0, 12288, 4402, 40.60, 11.66, 5449, 31904, 17.0794
2025/03/18 04:46:46.193, 0, 0, 12288, 4402, 60.83, 6.1, 5483, 31904, 17.1859
2025/03/18 04:46:48.233, 0, 0, 12288, 4402, 40.87, 5.8, 5476, 31904, 17.164
2025/03/18 04:46:50.251, 15, 3, 12288, 4402, 88.84, 7.59, 5531, 31904, 17.3364
2025/03/18 04:46:52.267, 3, 1, 12288, 4402, 43.04, 4.69, 5492, 31904, 17.2141
2025/03/18 04:46:54.287, 95, 63, 12288, 4402, 70.68, 10.25, 5524, 31904, 17.3144
2025/03/18 04:46:56.303, 3, 1, 12288, 4402, 44.51, 4.95, 5486, 31904, 17.1953
2025/03/18 04:46:58.331, 0, 0, 12288, 4402, 40.56, 11.69, 5455, 31904, 17.0982
2025/03/18 04:47:00.352, 0, 0, 12288, 4402, 44.48, 5.24, 5469, 31904, 17.1421
2025/03/18 04:47:02.410, 0, 0, 12288, 4402, 40.63, 9.79, 5457, 31904, 17.1044
2025/03/18 04:47:04.431, 0, 0, 12288, 4402, 80.23, 4.8, 5475, 31904, 17.1609
2025/03/18 04:47:06.484, 0, 0, 12288, 4402, 41.28, 5.7, 5477, 31904, 17.1671
2025/03/18 04:47:08.538, 64, 31, 12288, 4402, 92.76, 9.33, 5467, 31904, 17.1358
2025/03/18 04:47:10.599, 3, 0, 12288, 4402, 43.80, 5.38, 5469, 31904, 17.1421
2025/03/18 04:47:12.633, 18, 11, 12288, 4402, 49.07, 11.69, 5466, 31904, 17.1326
2025/03/18 04:47:14.654, 3, 1, 12288, 4402, 44.52, 6.29, 5471, 31904, 17.1483
2025/03/18 04:47:16.700, 0, 0, 12288, 4402, 40.66, 12.56, 5475, 31904, 17.1609
2025/03/18 04:47:18.720, 0, 0, 12288, 4402, 64.71, 6.44, 5467, 31904, 17.1358
2025/03/18 04:47:20.751, 1, 0, 12288, 4402, 41.24, 6.05, 5471, 31904, 17.1483
2025/03/18 04:47:22.805, 48, 22, 12288, 4402, 93.07, 8.65, 5469, 31904, 17.1421
2025/03/18 04:47:24.833, 3, 1, 12288, 4402, 43.74, 5.88, 5456, 31904, 17.1013
2025/03/18 04:47:26.860, 60, 55, 12288, 4402, 55.45, 12.14, 5550, 31904, 17.3959
2025/03/18 04:47:28.880, 3, 1, 12288, 4402, 44.58, 6.63, 5492, 31904, 17.2141
2025/03/18 04:47:30.930, 0, 0, 12288, 4402, 40.65, 13.16, 5570, 31904, 17.4586
2025/03/18 04:47:32.997, 1, 0, 12288, 4402, 46.26, 6.64, 5486, 31904, 17.1953
2025/03/18 04:47:35.058, 0, 0, 12288, 4402, 40.70, 9.52, 5577, 31904, 17.4806
2025/03/18 04:47:37.093, 0, 0, 12288, 4402, 88.52, 8.03, 5466, 31904, 17.1326
2025/03/18 04:47:39.165, 0, 0, 12288, 4402, 42.32, 5.46, 5471, 31904, 17.1483
2025/03/18 04:47:41.195, 86, 49, 12288, 4402, 87.96, 10.16, 5477, 31904, 17.1671
2025/03/18 04:47:43.218, 3, 0, 12288, 4402, 44.34, 5.28, 5485, 31904, 17.1922
2025/03/18 04:47:45.254, 0, 0, 12288, 4402, 40.65, 11.76, 5574, 31904, 17.4712
2025/03/18 04:47:47.297, 2, 1, 12288, 4402, 44.48, 5.69, 5482, 31904, 17.1828
2025/03/18 04:47:49.329, 0, 0, 12288, 4402, 40.63, 8.97, 5575, 31904, 17.4743
2025/03/18 04:47:51.365, 1, 0, 12288, 4402, 78.02, 6.05, 5484, 31904, 17.1891
2025/03/18 04:47:53.397, 0, 0, 12288, 4402, 41.69, 4.69, 5484, 31904, 17.1891
2025/03/18 04:47:55.441, 86, 50, 12288, 4402, 88.48, 8.44, 5483, 31904, 17.1859
2025/03/18 04:47:57.524, 4, 1, 12288, 4402, 44.12, 6.02, 5539, 31904, 17.3615
2025/03/18 04:47:59.557, 39, 31, 12288, 4402, 52.05, 12.17, 5608, 31904, 17.5777
2025/03/18 04:48:01.609, 4, 1, 12288, 4402, 44.49, 6.64, 5487, 31904, 17.1985
2025/03/18 04:48:03.673, 0, 0, 12288, 4402, 40.65, 12.71, 5626, 31904, 17.6342
2025/03/18 04:48:05.694, 0, 0, 12288, 4402, 47.53, 6.4, 5479, 31904, 17.1734
2025/03/18 04:48:07.714, 0, 0, 12288, 4402, 40.77, 8.97, 5623, 31904, 17.6247
2025/03/18 04:48:09.735, 0, 0, 12288, 4402, 89.13, 6.82, 5485, 31904, 17.1922
2025/03/18 04:48:11.757, 0, 0, 12288, 4402, 42.39, 5.37, 5488, 31904, 17.2016
2025/03/18 04:48:13.790, 87, 51, 12288, 4402, 84.10, 9.6, 5482, 31904, 17.1828
2025/03/18 04:48:15.815, 3, 0, 12288, 4402, 44.35, 6.29, 5488, 31904, 17.2016
2025/03/18 04:48:17.861, 37, 31, 12288, 4402, 45.32, 11.95, 5630, 31904, 17.6467
2025/03/18 04:48:19.886, 3, 1, 12288, 4402, 44.49, 9.21, 5492, 31904, 17.2141
2025/03/18 04:48:21.920, 0, 0, 12288, 4402, 40.72, 12.14, 5656, 31904, 17.7282
2025/03/18 04:48:23.967, 0, 0, 12288, 4402, 59.20, 5.91, 5525, 31904, 17.3176
2025/03/18 04:48:25.993, 0, 0, 12288, 4402, 40.88, 8.76, 5600, 31904, 17.5527
2025/03/18 04:48:28.014, 3, 1, 12288, 4402, 88.89, 8.32, 5502, 31904, 17.2455
2025/03/18 04:48:30.049, 1, 0, 12288, 4402, 42.73, 6.17, 5493, 31904, 17.2173
2025/03/18 04:48:32.083, 87, 55, 12288, 4402, 71.94, 10.69, 5500, 31904, 17.2392
2025/03/18 04:48:34.106, 3, 0, 12288, 4402, 44.62, 6.2, 5557, 31904, 17.4179
2025/03/18 04:48:36.150, 0, 0, 12288, 4402, 40.77, 13.43, 5582, 31904, 17.4962
2025/03/18 04:48:38.168, 0, 0, 12288, 4402, 44.51, 6.29, 5502, 31904, 17.2455
2025/03/18 04:48:40.190, 0, 0, 12288, 4402, 40.65, 10.56, 5591, 31904, 17.5244
2025/03/18 04:48:42.230, 0, 0, 12288, 4402, 78.36, 5.88, 5512, 31904, 17.2768
2025/03/18 04:48:44.248, 0, 0, 12288, 4402, 41.26, 4.63, 5505, 31904, 17.2549
2025/03/18 04:48:46.264, 23, 8, 12288, 4402, 88.87, 7.76, 5493, 31904, 17.2173
2025/03/18 04:48:48.309, 3, 1, 12288, 4402, 43.37, 4.46, 5486, 31904, 17.1953
2025/03/18 04:48:50.340, 80, 74, 12288, 4402, 58.67, 10.3, 5637, 31904, 17.6686
2025/03/18 04:48:52.382, 3, 1, 12288, 4402, 44.48, 5.7, 5512, 31904, 17.2768
2025/03/18 04:48:54.416, 0, 0, 12288, 4402, 40.61, 11.91, 5642, 31904, 17.6843
2025/03/18 04:48:56.468, 1, 0, 12288, 4402, 44.57, 5.8, 5526, 31904, 17.3207
2025/03/18 04:48:58.523, 0, 0, 12288, 4402, 40.67, 10.28, 5599, 31904, 17.5495
2025/03/18 04:49:00.543, 0, 0, 12288, 4402, 83.88, 7.13, 5499, 31904, 17.2361
2025/03/18 04:49:02.601, 0, 0, 12288, 4402, 42.25, 5.46, 5494, 31904, 17.2204
2025/03/18 04:49:04.621, 88, 50, 12288, 4402, 86.73, 9.63, 5490, 31904, 17.2079
2025/03/18 04:49:06.647, 3, 0, 12288, 4402, 43.98, 6.37, 5507, 31904, 17.2612
2025/03/18 04:49:08.681, 43, 39, 12288, 4402, 46.00, 11.75, 5602, 31904, 17.5589
2025/03/18 04:49:10.711, 4, 1, 12288, 4402, 44.38, 6.54, 5487, 31904, 17.1985
2025/03/18 04:49:12.733, 0, 0, 12288, 4402, 40.52, 12.03, 5580, 31904, 17.49
2025/03/18 04:49:14.773, 0, 0, 12288, 4402, 54.27, 6.3, 5489, 31904, 17.2047
2025/03/18 04:49:16.821, 0, 0, 12288, 4402, 40.85, 9.27, 5592, 31904, 17.5276
2025/03/18 04:49:18.842, 0, 0, 12288, 4402, 90.18, 7.14, 5505, 31904, 17.2549
2025/03/18 04:49:20.874, 0, 0, 12288, 4402, 42.68, 5.94, 5494, 31904, 17.2204
2025/03/18 04:49:22.894, 87, 51, 12288, 4402, 75.57, 10.31, 5503, 31904, 17.2486
2025/03/18 04:49:24.949, 3, 0, 12288, 4402, 44.30, 4.9, 5499, 31904, 17.2361
2025/03/18 04:49:27.001, 2, 1, 12288, 4402, 40.65, 11.54, 5583, 31904, 17.4994
2025/03/18 04:49:29.020, 1, 0, 12288, 4402, 44.43, 6.47, 5496, 31904, 17.2267
2025/03/18 04:49:31.066, 0, 0, 12288, 4402, 40.60, 11.41, 5588, 31904, 17.515
2025/03/18 04:49:33.099, 0, 0, 12288, 4402, 66.34, 6.9, 5540, 31904, 17.3646
2025/03/18 04:49:35.132, 0, 0, 12288, 4402, 40.69, 6.38, 5514, 31904, 17.2831
2025/03/18 04:49:37.170, 20, 6, 12288, 4402, 88.81, 7.59, 5494, 31904, 17.2204
2025/03/18 04:49:39.200, 4, 1, 12288, 4402, 43.08, 5.12, 5486, 31904, 17.1953
2025/03/18 04:49:41.229, 96, 66, 12288, 4402, 70.98, 10.22, 5483, 31904, 17.1859
2025/03/18 04:49:43.281, 4, 0, 12288, 4402, 44.47, 4.88, 5487, 31904, 17.1985
2025/03/18 04:49:45.306, 0, 0, 12288, 4402, 40.58, 11.68, 5586, 31904, 17.5088
2025/03/18 04:49:47.351, 0, 0, 12288, 4402, 44.39, 5.22, 5500, 31904, 17.2392
2025/03/18 04:49:49.397, 0, 0, 12288, 4402, 40.58, 8.98, 5635, 31904, 17.6624
2025/03/18 04:49:51.414, 0, 0, 12288, 4402, 70.89, 4.65, 5499, 31904, 17.2361
2025/03/18 04:49:53.436, 0, 0, 12288, 4402, 41.21, 3.71, 5510, 31904, 17.2706
2025/03/18 04:49:55.457, 32, 12, 12288, 4402, 89.04, 7.54, 5490, 31904, 17.2079
2025/03/18 04:49:57.496, 5, 1, 12288, 4402, 43.37, 5.7, 5501, 31904, 17.2424
2025/03/18 04:49:59.537, 70, 65, 12288, 4402, 57.15, 11.47, 5603, 31904, 17.5621
2025/03/18 04:50:01.580, 3, 1, 12288, 4402, 44.57, 6.13, 5494, 31904, 17.2204
2025/03/18 04:50:03.629, 0, 0, 12288, 4402, 40.67, 12.66, 5596, 31904, 17.5401
2025/03/18 04:50:05.681, 1, 0, 12288, 4402, 46.00, 6.62, 5507, 31904, 17.2612
2025/03/18 04:50:07.717, 1, 0, 12288, 4402, 40.69, 9.27, 5662, 31904, 17.747
2025/03/18 04:50:09.738, 0, 0, 12288, 4402, 85.22, 7.05, 5518, 31904, 17.2956
2025/03/18 04:50:11.769, 1, 0, 12288, 4402, 42.38, 5.61, 5507, 31904, 17.2612
2025/03/18 04:50:13.799, 87, 53, 12288, 4402, 81.25, 9.97, 5500, 31904, 17.2392
2025/03/18 04:50:15.830, 5, 0, 12288, 4402, 44.03, 5.7, 5505, 31904, 17.2549
2025/03/18 04:50:17.861, 4, 1, 12288, 4402, 40.80, 11.84, 5582, 31904, 17.4962
2025/03/18 04:50:19.878, 2, 1, 12288, 4402, 44.46, 6.39, 5495, 31904, 17.2235
2025/03/18 04:50:21.913, 0, 0, 12288, 4402, 40.60, 11.27, 5590, 31904, 17.5213
2025/03/18 04:50:23.977, 0, 0, 12288, 4402, 64.86, 5.82, 5497, 31904, 17.2298
2025/03/18 04:50:26.021, 0, 0, 12288, 4402, 40.82, 6.79, 5501, 31904, 17.2424
2025/03/18 04:50:28.061, 2, 1, 12288, 4402, 89.58, 7.39, 5496, 31904, 17.2267
2025/03/18 04:50:30.117, 2, 1, 12288, 4402, 42.94, 5.86, 5504, 31904, 17.2518
2025/03/18 04:50:32.151, 100, 94, 12288, 4402, 64.00, 11.28, 5494, 31904, 17.2204
2025/03/18 04:50:34.189, 4, 1, 12288, 4402, 44.55, 5.28, 5510, 31904, 17.2706
2025/03/18 04:50:36.258, 0, 0, 12288, 4402, 40.62, 12.96, 5599, 31904, 17.5495
2025/03/18 04:50:38.293, 0, 0, 12288, 4402, 44.52, 6.84, 5532, 31904, 17.3395
2025/03/18 04:50:40.310, 0, 0, 12288, 4402, 40.69, 9.44, 5584, 31904, 17.5025
2025/03/18 04:50:42.326, 0, 0, 12288, 4402, 83.87, 5.7, 5496, 31904, 17.2267
2025/03/18 04:50:44.356, 0, 0, 12288, 4402, 42.26, 4.94, 5514, 31904, 17.2831
2025/03/18 04:50:46.376, 99, 74, 12288, 4402, 74.64, 9.68, 5475, 31904, 17.1609
2025/03/18 04:50:48.407, 3, 1, 12288, 4402, 43.98, 4.87, 5481, 31904, 17.1797
2025/03/18 04:50:50.438, 2, 1, 12288, 4402, 40.70, 11.99, 5600, 31904, 17.5527
2025/03/18 04:50:52.467, 2, 0, 12288, 4402, 44.45, 5.55, 5480, 31904, 17.1765
2025/03/18 04:50:54.509, 0, 0, 12288, 4402, 40.62, 11.01, 5665, 31904, 17.7564
2025/03/18 04:50:56.526, 0, 0, 12288, 4402, 76.65, 6.37, 5501, 31904, 17.2424
2025/03/18 04:50:58.555, 0, 0, 12288, 4402, 41.51, 5.21, 5507, 31904, 17.2612
2025/03/18 04:51:00.601, 26, 8, 12288, 4402, 88.80, 8.91, 5556, 31904, 17.4147
2025/03/18 04:51:02.630, 5, 1, 12288, 4402, 43.36, 5.56, 5506, 31904, 17.258
2025/03/18 04:51:04.681, 62, 58, 12288, 4402, 48.60, 11.83, 5607, 31904, 17.5746
2025/03/18 04:51:06.721, 3, 1, 12288, 4402, 44.56, 6.84, 5514, 31904, 17.2831
2025/03/18 04:51:08.759, 0, 0, 12288, 4402, 40.67, 12.69, 5596, 31904, 17.5401
2025/03/18 04:51:10.793, 0, 0, 12288, 4402, 49.10, 7.15, 5512, 31904, 17.2768
2025/03/18 04:51:12.831, 0, 0, 12288, 4402, 40.69, 8.47, 5603, 31904, 17.5621
2025/03/18 04:51:14.869, 1, 0, 12288, 4402, 89.43, 7.63, 5505, 31904, 17.2549
2025/03/18 04:51:16.913, 3, 0, 12288, 4402, 42.32, 5.47, 5512, 31904, 17.2768
2025/03/18 04:51:18.941, 99, 72, 12288, 4402, 73.91, 11.35, 5492, 31904, 17.2141
2025/03/18 04:51:20.997, 4, 1, 12288, 4402, 43.98, 6.37, 5566, 31904, 17.4461
2025/03/18 04:51:23.034, 2, 1, 12288, 4402, 40.67, 13.26, 5598, 31904, 17.5464
2025/03/18 04:51:25.077, 1, 0, 12288, 4402, 44.47, 6.87, 5518, 31904, 17.2956
2025/03/18 04:51:27.132, 0, 0, 12288, 4402, 40.65, 10.11, 5601, 31904, 17.5558
2025/03/18 04:51:29.177, 0, 0, 12288, 4402, 74.65, 6.33, 5499, 31904, 17.2361
2025/03/18 04:51:31.226, 0, 0, 12288, 4402, 41.13, 5.44, 5510, 31904, 17.2706
2025/03/18 04:51:33.265, 25, 8, 12288, 4402, 88.81, 7.79, 5510, 31904, 17.2706
2025/03/18 04:51:35.287, 3, 1, 12288, 4402, 42.99, 4.56, 5498, 31904, 17.2329
2025/03/18 04:51:37.310, 68, 63, 12288, 4402, 56.29, 10.68, 5603, 31904, 17.5621
2025/03/18 04:51:39.346, 4, 1, 12288, 4402, 44.52, 5.2, 5498, 31904, 17.2329
2025/03/18 04:51:41.373, 0, 0, 12288, 4402, 40.59, 11.35, 5608, 31904, 17.5777
2025/03/18 04:51:43.396, 0, 0, 12288, 4402, 50.74, 5.78, 5510, 31904, 17.2706
2025/03/18 04:51:45.453, 0, 0, 12288, 4402, 40.63, 7.26, 5592, 31904, 17.5276
2025/03/18 04:51:47.474, 1, 0, 12288, 4402, 89.73, 7.42, 5567, 31904, 17.4492
2025/03/18 04:51:49.495, 1, 0, 12288, 4402, 42.38, 5.63, 5512, 31904, 17.2768
2025/03/18 04:51:51.525, 99, 77, 12288, 4402, 73.87, 11.19, 5500, 31904, 17.2392
2025/03/18 04:51:53.575, 3, 1, 12288, 4402, 44.60, 5.97, 5509, 31904, 17.2674
2025/03/18 04:51:55.615, 1, 1, 12288, 4402, 40.60, 13.12, 5603, 31904, 17.5621
2025/03/18 04:51:57.665, 1, 0, 12288, 4402, 44.51, 6.64, 5500, 31904, 17.2392
2025/03/18 04:51:59.704, 0, 0, 12288, 4402, 40.55, 10.28, 5601, 31904, 17.5558
2025/03/18 04:52:01.737, 0, 0, 12288, 4402, 83.95, 7.19, 5505, 31904, 17.2549
2025/03/18 04:52:03.758, 1, 0, 12288, 4402, 42.29, 6.28, 5561, 31904, 17.4304
2025/03/18 04:52:05.781, 93, 54, 12288, 4402, 92.01, 10.13, 5494, 31904, 17.2204
2025/03/18 04:52:07.811, 3, 1, 12288, 4402, 44.00, 5.64, 5497, 31904, 17.2298
2025/03/18 04:52:09.845, 4, 1, 12288, 4402, 40.62, 12.01, 5604, 31904, 17.5652
2025/03/18 04:52:11.896, 2, 1, 12288, 4402, 44.38, 6.87, 5500, 31904, 17.2392
2025/03/18 04:52:13.956, 0, 0, 12288, 4402, 40.58, 11.82, 5594, 31904, 17.5339
2025/03/18 04:52:15.978, 0, 0, 12288, 4402, 65.23, 7.11, 5500, 31904, 17.2392
2025/03/18 04:52:18.007, 0, 0, 12288, 4402, 41.14, 5.72, 5486, 31904, 17.1953
2025/03/18 04:52:20.045, 16, 3, 12288, 4402, 88.70, 8.79, 5520, 31904, 17.3019
2025/03/18 04:52:22.068, 3, 0, 12288, 4402, 43.08, 5.8, 5549, 31904, 17.3928
2025/03/18 04:52:24.105, 83, 75, 12288, 4402, 58.66, 11.77, 5599, 31904, 17.5495
2025/03/18 04:52:26.132, 3, 1, 12288, 4402, 44.46, 6.1, 5502, 31904, 17.2455
2025/03/18 04:52:28.193, 0, 0, 12288, 4402, 40.63, 12.88, 5606, 31904, 17.5715
2025/03/18 04:52:30.210, 0, 0, 12288, 4402, 50.89, 5.65, 5511, 31904, 17.2737
2025/03/18 04:52:32.240, 1, 0, 12288, 4402, 40.66, 7.78, 5607, 31904, 17.5746
2025/03/18 04:52:34.257, 1, 0, 12288, 4402, 89.68, 6.55, 5507, 31904, 17.2612
2025/03/18 04:52:36.288, 1, 0, 12288, 4402, 42.23, 4.53, 5513, 31904, 17.28
2025/03/18 04:52:38.317, 100, 87, 12288, 4402, 71.71, 9.23, 5498, 31904, 17.2329
2025/03/18 04:52:40.380, 3, 1, 12288, 4402, 44.58, 4.15, 5516, 31904, 17.2894
2025/03/18 04:52:42.400, 2, 1, 12288, 4402, 40.62, 11.85, 5607, 31904, 17.5746
2025/03/18 04:52:44.429, 1, 0, 12288, 4402, 44.52, 5.29, 5512, 31904, 17.2768
2025/03/18 04:52:46.473, 0, 0, 12288, 4402, 40.55, 9.6, 5595, 31904, 17.537
2025/03/18 04:52:48.493, 0, 0, 12288, 4402, 72.98, 6.45, 5518, 31904, 17.2956
2025/03/18 04:52:50.521, 0, 0, 12288, 4402, 41.51, 5.45, 5511, 31904, 17.2737
2025/03/18 04:52:52.577, 8, 2, 12288, 4402, 88.50, 8.13, 5495, 31904, 17.2235
2025/03/18 04:52:54.609, 3, 1, 12288, 4402, 43.41, 5.78, 5515, 31904, 17.2862
2025/03/18 04:52:56.661, 96, 91, 12288, 4402, 60.94, 11.69, 5610, 31904, 17.584
2025/03/18 04:52:58.709, 3, 1, 12288, 4402, 44.42, 6.35, 5518, 31904, 17.2956
2025/03/18 04:53:00.741, 0, 0, 12288, 4402, 40.60, 14.85, 5609, 31904, 17.5809
2025/03/18 04:53:02.762, 0, 0, 12288, 4402, 44.47, 6.95, 5566, 31904, 17.4461
2025/03/18 04:53:04.795, 0, 0, 12288, 4402, 40.59, 10.22, 5607, 31904, 17.5746
2025/03/18 04:53:06.815, 1, 0, 12288, 4402, 86.92, 6.96, 5505, 31904, 17.2549
2025/03/18 04:53:08.846, 0, 0, 12288, 4402, 41.85, 5.45, 5501, 31904, 17.2424
2025/03/18 04:53:10.875, 87, 49, 12288, 4402, 86.60, 11.39, 5487, 31904, 17.1985
2025/03/18 04:53:12.905, 5, 0, 12288, 4402, 44.21, 5.86, 5498, 31904, 17.2329
2025/03/18 04:53:14.957, 11, 4, 12288, 4402, 41.60, 11.78, 5596, 31904, 17.5401
2025/03/18 04:53:17.031, 2, 1, 12288, 4402, 44.39, 6.77, 5517, 31904, 17.2925
2025/03/18 04:53:19.064, 0, 0, 12288, 4402, 40.55, 12.07, 5609, 31904, 17.5809
2025/03/18 04:53:21.096, 0, 0, 12288, 4402, 65.50, 8.49, 5515, 31904, 17.2862
2025/03/18 04:53:23.128, 0, 0, 12288, 4402, 41.48, 5.72, 5532, 31904, 17.3395
2025/03/18 04:53:25.165, 3, 1, 12288, 4402, 89.89, 8.38, 5517, 31904, 17.2925
2025/03/18 04:53:27.213, 2, 0, 12288, 4402, 43.25, 4.79, 5516, 31904, 17.2894
2025/03/18 04:53:29.281, 100, 93, 12288, 4402, 63.97, 10.34, 5612, 31904, 17.5903
2025/03/18 04:53:31.299, 4, 1, 12288, 4402, 44.50, 5.35, 5517, 31904, 17.2925
2025/03/18 04:53:33.328, 0, 0, 12288, 4402, 40.59, 11.06, 5639, 31904, 17.6749
2025/03/18 04:53:35.367, 0, 0, 12288, 4402, 44.48, 5.29, 5515, 31904, 17.2862
2025/03/18 04:53:37.413, 0, 0, 12288, 4402, 40.67, 9, 5621, 31904, 17.6185
2025/03/18 04:53:39.453, 0, 0, 12288, 4402, 80.40, 5.71, 5584, 31904, 17.5025
2025/03/18 04:53:41.479, 1, 0, 12288, 4402, 41.62, 6.1, 5516, 31904, 17.2894
2025/03/18 04:53:43.517, 87, 49, 12288, 4402, 87.63, 9.51, 5515, 31904, 17.2862
2025/03/18 04:53:45.553, 3, 1, 12288, 4402, 44.04, 5.62, 5514, 31904, 17.2831
2025/03/18 04:53:47.588, 50, 43, 12288, 4402, 46.78, 11.73, 5662, 31904, 17.747
2025/03/18 04:53:49.609, 2, 1, 12288, 4402, 44.45, 6, 5504, 31904, 17.2518
2025/03/18 04:53:51.643, 0, 0, 12288, 4402, 40.60, 12.42, 5611, 31904, 17.5871
2025/03/18 04:53:53.664, 0, 0, 12288, 4402, 59.76, 6.47, 5521, 31904, 17.305
2025/03/18 04:53:55.702, 0, 0, 12288, 4402, 40.81, 7.73, 5614, 31904, 17.5965
2025/03/18 04:53:57.724, 7, 2, 12288, 4402, 89.12, 7.82, 5513, 31904, 17.28
2025/03/18 04:53:59.757, 1, 0, 12288, 4402, 42.64, 5.39, 5536, 31904, 17.3521
2025/03/18 04:54:01.782, 99, 66, 12288, 4402, 70.99, 11.11, 5516, 31904, 17.2894
2025/03/18 04:54:03.817, 3, 1, 12288, 4402, 44.56, 6.33, 5519, 31904, 17.2988
2025/03/18 04:54:05.866, 0, 0, 12288, 4402, 40.72, 13.24, 5616, 31904, 17.6028
2025/03/18 04:54:07.883, 0, 0, 12288, 4402, 44.55, 6.72, 5500, 31904, 17.2392
2025/03/18 04:54:09.913, 0, 0, 12288, 4402, 40.74, 10.1, 5602, 31904, 17.5589
2025/03/18 04:54:11.969, 0, 0, 12288, 4402, 82.14, 7.13, 5513, 31904, 17.28
2025/03/18 04:54:14.029, 0, 0, 12288, 4402, 41.69, 5.39, 5499, 31904, 17.2361
2025/03/18 04:54:16.064, 83, 50, 12288, 4402, 88.71, 9.65, 5499, 31904, 17.2361
2025/03/18 04:54:18.095, 2, 0, 12288, 4402, 43.75, 5.92, 5499, 31904, 17.2361
2025/03/18 04:54:20.125, 3, 1, 12288, 4402, 51.85, 11.85, 5597, 31904, 17.5433
2025/03/18 04:54:22.154, 2, 0, 12288, 4402, 44.49, 6.68, 5494, 31904, 17.2204
2025/03/18 04:54:24.185, 0, 0, 12288, 4402, 40.64, 10.92, 5657, 31904, 17.7313
2025/03/18 04:54:26.202, 0, 0, 12288, 4402, 59.40, 5.63, 5505, 31904, 17.2549
2025/03/18 04:54:28.250, 0, 0, 12288, 4402, 40.81, 7.71, 5601, 31904, 17.5558
2025/03/18 04:54:30.266, 1, 1, 12288, 4402, 90.11, 7, 5512, 31904, 17.2768
2025/03/18 04:54:32.292, 2, 1, 12288, 4402, 43.02, 4.53, 5503, 31904, 17.2486
2025/03/18 04:54:34.341, 86, 54, 12288, 4402, 73.42, 9.31, 5498, 31904, 17.2329
2025/03/18 04:54:36.375, 2, 1, 12288, 4402, 44.50, 5.61, 5504, 31904, 17.2518
2025/03/18 04:54:38.397, 0, 0, 12288, 4402, 40.63, 11.58, 5613, 31904, 17.5934
2025/03/18 04:54:40.419, 0, 0, 12288, 4402, 44.54, 6.02, 5549, 31904, 17.3928
2025/03/18 04:54:42.452, 0, 0, 12288, 4402, 40.74, 8.8, 5598, 31904, 17.5464
2025/03/18 04:54:44.489, 0, 0, 12288, 4402, 82.77, 6.64, 5521, 31904, 17.305
2025/03/18 04:54:46.532, 0, 0, 12288, 4402, 41.95, 5.53, 5530, 31904, 17.3332
2025/03/18 04:54:48.573, 86, 50, 12288, 4402, 87.64, 9.92, 5513, 31904, 17.28
2025/03/18 04:54:50.607, 2, 0, 12288, 4402, 43.88, 6.86, 5574, 31904, 17.4712
2025/03/18 04:54:52.628, 4, 1, 12288, 4402, 47.01, 12.34, 5599, 31904, 17.5495
2025/03/18 04:54:54.648, 2, 1, 12288, 4402, 44.49, 6.49, 5509, 31904, 17.2674
2025/03/18 04:54:56.685, 0, 0, 12288, 4402, 40.68, 12, 5604, 31904, 17.5652
2025/03/18 04:54:58.705, 0, 0, 12288, 4402, 64.85, 6.08, 5515, 31904, 17.2862
2025/03/18 04:55:00.743, 1, 0, 12288, 4402, 40.81, 6.74, 5512, 31904, 17.2768
2025/03/18 04:55:02.785, 1, 1, 12288, 4402, 89.60, 7.89, 5497, 31904, 17.2298
2025/03/18 04:55:04.835, 1, 0, 12288, 4402, 42.96, 5.14, 5510, 31904, 17.2706
2025/03/18 04:55:06.860, 100, 92, 12288, 4402, 65.92, 11.31, 5495, 31904, 17.2235
2025/03/18 04:55:08.878, 3, 1, 12288, 4402, 44.44, 5.64, 5500, 31904, 17.2392
2025/03/18 04:55:10.915, 0, 0, 12288, 4402, 40.53, 13.42, 5609, 31904, 17.5809
2025/03/18 04:55:12.954, 0, 0, 12288, 4402, 44.47, 6.5, 5528, 31904, 17.327
2025/03/18 04:55:14.988, 0, 0, 12288, 4402, 40.80, 10.43, 5603, 31904, 17.5621
2025/03/18 04:55:17.025, 0, 0, 12288, 4402, 77.47, 6.48, 5536, 31904, 17.3521
2025/03/18 04:55:19.073, 0, 0, 12288, 4402, 41.72, 5.77, 5516, 31904, 17.2894
2025/03/18 04:55:21.108, 23, 8, 12288, 4402, 88.88, 9.61, 5518, 31904, 17.2956
2025/03/18 04:55:23.157, 3, 0, 12288, 4402, 43.40, 5.63, 5516, 31904, 17.2894
2025/03/18 04:55:25.174, 59, 55, 12288, 4402, 48.04, 11.06, 5602, 31904, 17.5589
2025/03/18 04:55:27.191, 3, 1, 12288, 4402, 44.51, 5.96, 5502, 31904, 17.2455
2025/03/18 04:55:29.220, 0, 0, 12288, 4402, 40.67, 11.13, 5588, 31904, 17.515
2025/03/18 04:55:31.237, 0, 0, 12288, 4402, 54.19, 5.87, 5506, 31904, 17.258
2025/03/18 04:55:33.255, 0, 0, 12288, 4402, 40.83, 7.54, 5615, 31904, 17.5997
2025/03/18 04:55:35.289, 3, 1, 12288, 4402, 88.82, 6.95, 5516, 31904, 17.2894
2025/03/18 04:55:37.319, 0, 0, 12288, 4402, 42.61, 3.96, 5505, 31904, 17.2549
2025/03/18 04:55:39.350, 88, 56, 12288, 4402, 70.88, 10.29, 5500, 31904, 17.2392
2025/03/18 04:55:41.384, 3, 1, 12288, 4402, 44.59, 4.97, 5570, 31904, 17.4586
2025/03/18 04:55:43.422, 0, 0, 12288, 4402, 40.76, 12.05, 5601, 31904, 17.5558
2025/03/18 04:55:45.452, 0, 0, 12288, 4402, 44.51, 6.37, 5567, 31904, 17.4492
2025/03/18 04:55:47.476, 0, 0, 12288, 4402, 40.70, 11.34, 5608, 31904, 17.5777
2025/03/18 04:55:49.497, 0, 0, 12288, 4402, 72.42, 6.24, 5502, 31904, 17.2455
2025/03/18 04:55:51.551, 0, 0, 12288, 4402, 41.31, 6.09, 5564, 31904, 17.4398
2025/03/18 04:55:53.571, 37, 17, 12288, 4402, 89.16, 8.56, 5497, 31904, 17.2298
2025/03/18 04:55:55.645, 5, 1, 12288, 4402, 43.15, 6.57, 5507, 31904, 17.2612
2025/03/18 04:55:57.677, 58, 54, 12288, 4402, 55.76, 11.93, 5606, 31904, 17.5715
2025/03/18 04:55:59.695, 4, 1, 12288, 4402, 44.65, 6.32, 5507, 31904, 17.2612
2025/03/18 04:56:01.757, 0, 0, 12288, 4402, 40.70, 12.64, 5593, 31904, 17.5307
2025/03/18 04:56:03.804, 0, 0, 12288, 4402, 44.62, 6.31, 5513, 31904, 17.28
2025/03/18 04:56:05.844, 0, 0, 12288, 4402, 40.78, 8.58, 5612, 31904, 17.5903
2025/03/18 04:56:07.862, 1, 0, 12288, 4402, 89.89, 7.51, 5503, 31904, 17.2486
2025/03/18 04:56:09.927, 0, 0, 12288, 4402, 42.05, 5.54, 5516, 31904, 17.2894
2025/03/18 04:56:11.961, 88, 52, 12288, 4402, 84.21, 10.44, 5519, 31904, 17.2988
2025/03/18 04:56:13.991, 4, 1, 12288, 4402, 43.76, 6.11, 5547, 31904, 17.3865
2025/03/18 04:56:16.011, 0, 0, 12288, 4402, 40.80, 13.18, 5669, 31904, 17.7689
2025/03/18 04:56:18.053, 0, 0, 12288, 4402, 44.56, 6.87, 5516, 31904, 17.2894
2025/03/18 04:56:20.104, 0, 0, 12288, 4402, 40.70, 11.95, 5608, 31904, 17.5777
2025/03/18 04:56:22.127, 0, 0, 12288, 4402, 70.15, 6.31, 5500, 31904, 17.2392
2025/03/18 04:56:24.177, 0, 0, 12288, 4402, 41.39, 5.86, 5509, 31904, 17.2674
2025/03/18 04:56:26.214, 35, 16, 12288, 4402, 89.64, 7.85, 5489, 31904, 17.2047
2025/03/18 04:56:28.244, 3, 1, 12288, 4402, 43.18, 4.86, 5502, 31904, 17.2455
2025/03/18 04:56:30.274, 61, 54, 12288, 4402, 55.82, 10.05, 5596, 31904, 17.5401
2025/03/18 04:56:32.313, 4, 1, 12288, 4402, 44.56, 5.13, 5498, 31904, 17.2329
2025/03/18 04:56:34.346, 0, 0, 12288, 4402, 40.64, 11.74, 5600, 31904, 17.5527
2025/03/18 04:56:36.389, 1, 0, 12288, 4402, 44.63, 5.62, 5522, 31904, 17.3082
2025/03/18 04:56:38.428, 0, 0, 12288, 4402, 40.82, 8.05, 5615, 31904, 17.5997
2025/03/18 04:56:40.448, 0, 0, 12288, 4402, 87.31, 6.35, 5519, 31904, 17.2988
2025/03/18 04:56:42.486, 0, 0, 12288, 4402, 42.08, 5.86, 5508, 31904, 17.2643
2025/03/18 04:56:44.538, 84, 51, 12288, 4402, 86.17, 10.04, 5574, 31904, 17.4712
2025/03/18 04:56:46.576, 3, 0, 12288, 4402, 43.82, 5.36, 5520, 31904, 17.3019
2025/03/18 04:56:48.617, 3, 1, 12288, 4402, 44.17, 12.06, 5650, 31904, 17.7094
2025/03/18 04:56:50.647, 3, 1, 12288, 4402, 44.56, 7.01, 5513, 31904, 17.28
2025/03/18 04:56:52.701, 0, 0, 12288, 4402, 40.64, 12.27, 5613, 31904, 17.5934
2025/03/18 04:56:54.722, 0, 0, 12288, 4402, 60.76, 6.4, 5519, 31904, 17.2988
2025/03/18 04:56:56.752, 0, 0, 12288, 4402, 41.21, 6.71, 5579, 31904, 17.4868
2025/03/18 04:56:58.789, 4, 1, 12288, 4402, 89.41, 7.54, 5518, 31904, 17.2956
2025/03/18 04:57:00.846, 3, 0, 12288, 4402, 43.05, 4.73, 5523, 31904, 17.3113
2025/03/18 04:57:02.897, 87, 56, 12288, 4402, 71.18, 11.49, 5508, 31904, 17.2643
2025/03/18 04:57:04.931, 3, 1, 12288, 4402, 44.59, 7.3, 5532, 31904, 17.3395
2025/03/18 04:57:06.970, 0, 0, 12288, 4402, 40.70, 12.99, 5617, 31904, 17.6059
2025/03/18 04:57:08.987, 0, 0, 12288, 4402, 44.60, 6.07, 5512, 31904, 17.2768
2025/03/18 04:57:11.022, 1, 0, 12288, 4402, 40.77, 10.78, 5603, 31904, 17.5621
2025/03/18 04:57:13.064, 0, 0, 12288, 4402, 80.98, 5.67, 5511, 31904, 17.2737
2025/03/18 04:57:15.106, 0, 0, 12288, 4402, 41.30, 5.78, 5511, 31904, 17.2737
2025/03/18 04:57:17.145, 60, 33, 12288, 4402, 89.20, 8.73, 5504, 31904, 17.2518
2025/03/18 04:57:19.167, 3, 1, 12288, 4402, 43.81, 5.36, 5512, 31904, 17.2768
2025/03/18 04:57:21.197, 26, 19, 12288, 4402, 50.08, 11.34, 5610, 31904, 17.584
2025/03/18 04:57:23.214, 3, 1, 12288, 4402, 44.60, 5.38, 5510, 31904, 17.2706
2025/03/18 04:57:25.245, 0, 0, 12288, 4402, 40.73, 11.23, 5615, 31904, 17.5997
2025/03/18 04:57:27.262, 0, 0, 12288, 4402, 54.15, 4.98, 5541, 31904, 17.3677
2025/03/18 04:57:29.298, 0, 0, 12288, 4402, 40.97, 6.13, 5619, 31904, 17.6122
2025/03/18 04:57:31.318, 3, 0, 12288, 4402, 89.86, 6.8, 5522, 31904, 17.3082
2025/03/18 04:57:33.342, 2, 0, 12288, 4402, 42.89, 4.61, 5515, 31904, 17.2862
2025/03/18 04:57:35.376, 100, 85, 12288, 4402, 71.68, 9.83, 5515, 31904, 17.2862
2025/03/18 04:57:37.397, 3, 1, 12288, 4402, 44.64, 4.46, 5520, 31904, 17.3019
2025/03/18 04:57:39.431, 1, 0, 12288, 4402, 40.78, 11.62, 5647, 31904, 17.7
2025/03/18 04:57:41.450, 0, 0, 12288, 4402, 44.62, 5.32, 5515, 31904, 17.2862
2025/03/18 04:57:43.473, 0, 0, 12288, 4402, 40.76, 10.81, 5615, 31904, 17.5997
2025/03/18 04:57:45.513, 0, 0, 12288, 4402, 82.87, 6.4, 5579, 31904, 17.4868
2025/03/18 04:57:47.541, 0, 0, 12288, 4402, 42.10, 5.85, 5523, 31904, 17.3113
2025/03/18 04:57:49.567, 83, 51, 12288, 4402, 88.45, 10, 5512, 31904, 17.2768
2025/03/18 04:57:51.601, 4, 1, 12288, 4402, 43.74, 6.02, 5522, 31904, 17.3082
2025/03/18 04:57:53.635, 2, 1, 12288, 4402, 43.15, 11.75, 5607, 31904, 17.5746
2025/03/18 04:57:55.658, 3, 1, 12288, 4402, 44.59, 6.44, 5508, 31904, 17.2643
2025/03/18 04:57:57.688, 0, 0, 12288, 4402, 40.61, 11.18, 5656, 31904, 17.7282
2025/03/18 04:57:59.707, 0, 0, 12288, 4402, 64.82, 6.28, 5511, 31904, 17.2737
2025/03/18 04:58:01.740, 0, 0, 12288, 4402, 41.21, 5.99, 5516, 31904, 17.2894
2025/03/18 04:58:03.762, 7, 2, 12288, 4402, 88.87, 8.23, 5519, 31904, 17.2988
2025/03/18 04:58:05.785, 4, 0, 12288, 4402, 43.19, 5.7, 5517, 31904, 17.2925
2025/03/18 04:58:07.810, 100, 96, 12288, 4402, 62.24, 11.31, 5604, 31904, 17.5652
2025/03/18 04:58:09.827, 3, 1, 12288, 4402, 44.65, 5.81, 5522, 31904, 17.3082
2025/03/18 04:58:11.851, 0, 0, 12288, 4402, 40.75, 13.08, 5604, 31904, 17.5652
2025/03/18 04:58:13.875, 1, 0, 12288, 4402, 44.67, 6.41, 5508, 31904, 17.2643
2025/03/18 04:58:15.907, 0, 0, 12288, 4402, 40.80, 9.39, 5602, 31904, 17.5589
2025/03/18 04:58:17.924, 0, 0, 12288, 4402, 88.46, 7.46, 5502, 31904, 17.2455
2025/03/18 04:58:19.951, 1, 0, 12288, 4402, 42.41, 5.72, 5496, 31904, 17.2267
2025/03/18 04:58:22.001, 87, 52, 12288, 4402, 84.91, 13.15, 5526, 31904, 17.3207
2025/03/18 04:58:24.063, 4, 0, 12288, 4402, 44.07, 5.31, 5523, 31904, 17.3113
2025/03/18 04:58:26.097, 11, 4, 12288, 4402, 41.72, 11.71, 5627, 31904, 17.6373
2025/03/18 04:58:28.119, 4, 1, 12288, 4402, 44.53, 6.57, 5533, 31904, 17.3427
2025/03/18 04:58:30.174, 0, 0, 12288, 4402, 40.67, 10.72, 5637, 31904, 17.6686
2025/03/18 04:58:32.209, 1, 0, 12288, 4402, 63.51, 6.31, 5537, 31904, 17.3552
2025/03/18 04:58:34.240, 0, 0, 12288, 4402, 40.91, 5.87, 5534, 31904, 17.3458
2025/03/18 04:58:36.278, 2, 1, 12288, 4402, 89.66, 7.36, 5531, 31904, 17.3364
2025/03/18 04:58:38.308, 2, 0, 12288, 4402, 43.51, 4.44, 5539, 31904, 17.3615
2025/03/18 04:58:40.338, 100, 89, 12288, 4402, 71.07, 10.38, 5635, 31904, 17.6624
2025/03/18 04:58:42.358, 3, 1, 12288, 4402, 44.62, 5.36, 5523, 31904, 17.3113
2025/03/18 04:58:44.398, 0, 0, 12288, 4402, 40.68, 12.07, 5636, 31904, 17.6655
2025/03/18 04:58:46.442, 0, 0, 12288, 4402, 44.55, 5.56, 5534, 31904, 17.3458
2025/03/18 04:58:48.475, 0, 0, 12288, 4402, 40.74, 9.7, 5636, 31904, 17.6655
2025/03/18 04:58:50.492, 0, 0, 12288, 4402, 85.41, 7.3, 5536, 31904, 17.3521
2025/03/18 04:58:52.553, 0, 0, 12288, 4402, 41.62, 6.19, 5516, 31904, 17.2894
2025/03/18 04:58:54.587, 87, 52, 12288, 4402, 88.45, 9.81, 5535, 31904, 17.3489
2025/03/18 04:58:56.636, 3, 1, 12288, 4402, 44.06, 7.75, 5519, 31904, 17.2988
2025/03/18 04:58:58.675, 40, 35, 12288, 4402, 45.66, 11.76, 5615, 31904, 17.5997
2025/03/18 04:59:00.692, 3, 1, 12288, 4402, 44.54, 6.61, 5523, 31904, 17.3113
2025/03/18 04:59:02.728, 0, 0, 12288, 4402, 40.69, 12.17, 5603, 31904, 17.5621
2025/03/18 04:59:04.769, 1, 0, 12288, 4402, 63.94, 5.98, 5515, 31904, 17.2862
2025/03/18 04:59:06.826, 0, 0, 12288, 4402, 40.99, 6.13, 5509, 31904, 17.2674
2025/03/18 04:59:08.842, 2, 0, 12288, 4402, 89.83, 8.72, 5513, 31904, 17.28
2025/03/18 04:59:10.875, 2, 0, 12288, 4402, 43.47, 5.97, 5526, 31904, 17.3207
2025/03/18 04:59:12.907, 100, 91, 12288, 4402, 57.98, 12.17, 5599, 31904, 17.5495
2025/03/18 04:59:14.925, 4, 1, 12288, 4402, 44.58, 7, 5524, 31904, 17.3144
2025/03/18 04:59:16.969, 0, 0, 12288, 4402, 40.62, 12.94, 5604, 31904, 17.5652
2025/03/18 04:59:18.996, 0, 0, 12288, 4402, 47.09, 6.72, 5514, 31904, 17.2831
2025/03/18 04:59:21.033, 0, 0, 12288, 4402, 40.71, 9.42, 5634, 31904, 17.6592
2025/03/18 04:59:23.069, 0, 0, 12288, 4402, 87.02, 7.79, 5523, 31904, 17.3113
2025/03/18 04:59:25.124, 0, 0, 12288, 4402, 41.65, 6.43, 5511, 31904, 17.2737
2025/03/18 04:59:27.178, 87, 52, 12288, 4402, 85.00, 10.34, 5514, 31904, 17.2831
2025/03/18 04:59:29.208, 3, 1, 12288, 4402, 44.32, 4.8, 5519, 31904, 17.2988
2025/03/18 04:59:31.239, 3, 1, 12288, 4402, 40.73, 12.49, 5621, 31904, 17.6185
2025/03/18 04:59:33.256, 2, 1, 12288, 4402, 44.47, 5.07, 5520, 31904, 17.3019
2025/03/18 04:59:35.288, 0, 0, 12288, 4402, 40.65, 9.3, 5624, 31904, 17.6279
2025/03/18 04:59:37.305, 0, 0, 12288, 4402, 76.30, 4.55, 5517, 31904, 17.2925
2025/03/18 04:59:39.335, 0, 0, 12288, 4402, 41.67, 4.13, 5512, 31904, 17.2768
2025/03/18 04:59:41.365, 87, 54, 12288, 4402, 88.49, 8.42, 5524, 31904, 17.3144
2025/03/18 04:59:43.409, 4, 1, 12288, 4402, 43.72, 4.53, 5516, 31904, 17.2894
2025/03/18 04:59:45.481, 64, 59, 12288, 4402, 48.81, 10.57, 5601, 31904, 17.5558
2025/03/18 04:59:47.498, 4, 1, 12288, 4402, 44.56, 5.88, 5507, 31904, 17.2612
2025/03/18 04:59:49.528, 0, 0, 12288, 4402, 40.65, 12.27, 5619, 31904, 17.6122
2025/03/18 04:59:51.545, 0, 0, 12288, 4402, 54.98, 6.21, 5515, 31904, 17.2862
2025/03/18 04:59:53.580, 1, 0, 12288, 4402, 40.94, 7.11, 5558, 31904, 17.421
2025/03/18 04:59:55.617, 1, 0, 12288, 4402, 89.50, 8.2, 5577, 31904, 17.4806
2025/03/18 04:59:57.676, 1, 0, 12288, 4402, 42.85, 5.94, 5513, 31904, 17.28
2025/03/18 04:59:59.707, 99, 75, 12288, 4402, 68.27, 11.52, 5514, 31904, 17.2831
2025/03/18 05:00:01.725, 3, 0, 12288, 4399, 44.35, 6.37, 5531, 31904, 17.3364
2025/03/18 05:00:03.770, 0, 0, 12288, 4399, 40.77, 12.88, 5624, 31904, 17.6279
2025/03/18 05:00:05.805, 0, 0, 12288, 4399, 44.65, 6.09, 5521, 31904, 17.305
2025/03/18 05:00:07.835, 0, 0, 12288, 4399, 40.76, 9.92, 5629, 31904, 17.6436
2025/03/18 05:00:09.853, 0, 0, 12288, 4399, 80.32, 6.09, 5523, 31904, 17.3113
2025/03/18 05:00:11.884, 0, 0, 12288, 4399, 42.10, 5.53, 5538, 31904, 17.3583
2025/03/18 05:00:13.904, 85, 52, 12288, 4399, 86.31, 9.84, 5522, 31904, 17.3082
2025/03/18 05:00:15.947, 3, 1, 12288, 4399, 43.85, 5.29, 5530, 31904, 17.3332
2025/03/18 05:00:17.980, 2, 1, 12288, 4399, 43.90, 11.89, 5617, 31904, 17.6059
2025/03/18 05:00:20.021, 4, 1, 12288, 4399, 44.63, 6.06, 5535, 31904, 17.3489
2025/03/18 05:00:22.045, 0, 0, 12288, 4399, 40.79, 11, 5628, 31904, 17.6404
2025/03/18 05:00:24.086, 0, 0, 12288, 4399, 64.34, 6.61, 5531, 31904, 17.3364
2025/03/18 05:00:26.117, 0, 0, 12288, 4399, 40.94, 6.46, 5524, 31904, 17.3144
2025/03/18 05:00:28.173, 12, 2, 12288, 4399, 88.92, 7.41, 5514, 31904, 17.2831
2025/03/18 05:00:30.226, 0, 0, 12288, 4399, 42.75, 5.12, 5515, 31904, 17.2862
2025/03/18 05:00:32.265, 99, 73, 12288, 4399, 69.61, 10.03, 5513, 31904, 17.28
2025/03/18 05:00:34.295, 3, 1, 12288, 4399, 44.58, 4.31, 5513, 31904, 17.28
2025/03/18 05:00:36.326, 0, 0, 12288, 4399, 40.72, 11.19, 5609, 31904, 17.5809
2025/03/18 05:00:38.365, 0, 0, 12288, 4399, 44.55, 5.84, 5510, 31904, 17.2706
2025/03/18 05:00:40.411, 0, 0, 12288, 4399, 40.71, 9.21, 5620, 31904, 17.6153
2025/03/18 05:00:42.430, 0, 0, 12288, 4399, 78.37, 5.62, 5541, 31904, 17.3677
2025/03/18 05:00:44.452, 0, 0, 12288, 4399, 42.01, 4.69, 5518, 31904, 17.2956
2025/03/18 05:00:46.505, 84, 51, 12288, 4399, 88.35, 9.46, 5520, 31904, 17.3019
2025/03/18 05:00:48.530, 3, 1, 12288, 4399, 43.70, 6.02, 5515, 31904, 17.2862
2025/03/18 05:00:50.564, 3, 1, 12288, 4399, 43.67, 11.53, 5660, 31904, 17.7407
2025/03/18 05:00:52.585, 2, 1, 12288, 4399, 44.49, 7.16, 5525, 31904, 17.3176
2025/03/18 05:00:54.618, 0, 0, 12288, 4399, 40.66, 10.92, 5629, 31904, 17.6436
2025/03/18 05:00:56.635, 0, 0, 12288, 4399, 61.81, 6.39, 5516, 31904, 17.2894
2025/03/18 05:00:58.690, 0, 0, 12288, 4399, 41.22, 6.13, 5527, 31904, 17.3238
2025/03/18 05:01:00.733, 3, 1, 12288, 4399, 88.79, 8.17, 5527, 31904, 17.3238
2025/03/18 05:01:02.797, 1, 0, 12288, 4399, 42.64, 6.03, 5523, 31904, 17.3113
2025/03/18 05:01:04.833, 94, 64, 12288, 4399, 71.03, 11.35, 5510, 31904, 17.2706
2025/03/18 05:01:06.865, 3, 1, 12288, 4399, 44.46, 5.66, 5520, 31904, 17.3019
2025/03/18 05:01:08.906, 0, 0, 12288, 4399, 40.68, 13.44, 5629, 31904, 17.6436
2025/03/18 05:01:10.927, 0, 0, 12288, 4399, 44.51, 7.36, 5582, 31904, 17.4962
2025/03/18 05:01:12.965, 0, 0, 12288, 4399, 40.65, 11.73, 5646, 31904, 17.6968
2025/03/18 05:01:15.001, 0, 0, 12288, 4399, 74.11, 6.47, 5532, 31904, 17.3395
2025/03/18 05:01:17.036, 0, 0, 12288, 4399, 41.28, 5.4, 5522, 31904, 17.3082
2025/03/18 05:01:19.070, 61, 34, 12288, 4399, 89.07, 9.83, 5534, 31904, 17.3458
2025/03/18 05:01:21.100, 3, 1, 12288, 4399, 43.83, 5.55, 5527, 31904, 17.3238
2025/03/18 05:01:23.119, 36, 30, 12288, 4399, 52.00, 11.99, 5609, 31904, 17.5809
2025/03/18 05:01:25.161, 3, 1, 12288, 4399, 44.51, 5.88, 5520, 31904, 17.3019
2025/03/18 05:01:27.209, 0, 0, 12288, 4399, 40.63, 11.84, 5656, 31904, 17.7282
2025/03/18 05:01:29.227, 0, 0, 12288, 4399, 49.00, 5.71, 5523, 31904, 17.3113
2025/03/18 05:01:31.257, 0, 0, 12288, 4399, 40.85, 7.73, 5687, 31904, 17.8254
2025/03/18 05:01:33.293, 0, 0, 12288, 4399, 86.48, 5.56, 5541, 31904, 17.3677
2025/03/18 05:01:35.317, 1, 0, 12288, 4399, 42.35, 4.61, 5544, 31904, 17.3771
2025/03/18 05:01:37.353, 98, 67, 12288, 4399, 78.88, 9.35, 5519, 31904, 17.2988
2025/03/18 05:01:39.394, 3, 1, 12288, 4399, 44.04, 4.97, 5520, 31904, 17.3019
2025/03/18 05:01:41.427, 3, 1, 12288, 4399, 40.72, 10.28, 5615, 31904, 17.5997
2025/03/18 05:01:43.445, 2, 1, 12288, 4399, 44.51, 5.45, 5521, 31904, 17.305
2025/03/18 05:01:45.509, 0, 0, 12288, 4399, 40.68, 12.52, 5616, 31904, 17.6028
2025/03/18 05:01:47.544, 1, 0, 12288, 4399, 65.15, 7.14, 5524, 31904, 17.3144
2025/03/18 05:01:49.602, 0, 0, 12288, 4399, 40.95, 6.67, 5524, 31904, 17.3144
2025/03/18 05:01:51.619, 2, 1, 12288, 4399, 89.77, 8.28, 5550, 31904, 17.3959
2025/03/18 05:01:53.636, 2, 0, 12288, 4399, 43.44, 6.27, 5528, 31904, 17.327
2025/03/18 05:01:55.681, 100, 86, 12288, 4399, 71.81, 10.96, 5523, 31904, 17.3113
2025/03/18 05:01:57.714, 3, 1, 12288, 4399, 44.63, 6.68, 5527, 31904, 17.3238
2025/03/18 05:01:59.766, 0, 0, 12288, 4399, 40.67, 12.99, 5628, 31904, 17.6404
2025/03/18 05:02:01.825, 1, 0, 12288, 4399, 44.48, 7.06, 5531, 31904, 17.3364
2025/03/18 05:02:03.864, 0, 0, 12288, 4399, 40.64, 10.75, 5614, 31904, 17.5965
2025/03/18 05:02:05.884, 0, 0, 12288, 4399, 73.66, 5.99, 5530, 31904, 17.3332
2025/03/18 05:02:07.912, 0, 0, 12288, 4399, 41.52, 5.71, 5528, 31904, 17.327
2025/03/18 05:02:09.965, 93, 54, 12288, 4399, 88.06, 8.82, 5560, 31904, 17.4273
2025/03/18 05:02:11.995, 3, 0, 12288, 4399, 43.31, 6.04, 5531, 31904, 17.3364
2025/03/18 05:02:14.033, 100, 96, 12288, 4399, 54.87, 11.72, 5622, 31904, 17.6216
2025/03/18 05:02:16.054, 2, 0, 12288, 4399, 44.44, 6.77, 5524, 31904, 17.3144
2025/03/18 05:02:18.108, 0, 0, 12288, 4399, 40.59, 12.63, 5623, 31904, 17.6247
2025/03/18 05:02:20.133, 1, 0, 12288, 4399, 46.20, 6.88, 5528, 31904, 17.327
2025/03/18 05:02:22.189, 0, 0, 12288, 4399, 40.72, 8.79, 5631, 31904, 17.6498
2025/03/18 05:02:24.206, 1, 0, 12288, 4399, 83.56, 5.97, 5519, 31904, 17.2988
2025/03/18 05:02:26.237, 0, 0, 12288, 4399, 42.02, 4.78, 5525, 31904, 17.3176
2025/03/18 05:02:28.267, 86, 49, 12288, 4399, 88.09, 9.02, 5509, 31904, 17.2674
2025/03/18 05:02:30.299, 2, 0, 12288, 4399, 44.28, 4.54, 5586, 31904, 17.5088
2025/03/18 05:02:32.333, 2, 1, 12288, 4399, 40.72, 10.45, 5618, 31904, 17.6091
2025/03/18 05:02:34.358, 1, 0, 12288, 4399, 44.56, 6.09, 5532, 31904, 17.3395
2025/03/18 05:02:36.387, 0, 0, 12288, 4399, 40.68, 10.84, 5623, 31904, 17.6247
2025/03/18 05:02:38.406, 0, 0, 12288, 4399, 61.51, 5.72, 5547, 31904, 17.3865
2025/03/18 05:02:40.437, 0, 0, 12288, 4399, 41.22, 5.79, 5518, 31904, 17.2956
2025/03/18 05:02:42.458, 2, 1, 12288, 4399, 88.86, 6.57, 5516, 31904, 17.2894
2025/03/18 05:02:44.491, 4, 1, 12288, 4399, 43.06, 5.87, 5520, 31904, 17.3019
2025/03/18 05:02:46.520, 100, 95, 12288, 4399, 63.69, 11.59, 5524, 31904, 17.3144
2025/03/18 05:02:48.547, 2, 1, 12288, 4399, 44.56, 5.97, 5529, 31904, 17.3301
2025/03/18 05:02:50.598, 0, 0, 12288, 4399, 40.68, 12.85, 5662, 31904, 17.747
2025/03/18 05:02:52.640, 1, 0, 12288, 4399, 44.52, 6.64, 5526, 31904, 17.3207
2025/03/18 05:02:54.668, 0, 0, 12288, 4399, 40.70, 10.73, 5624, 31904, 17.6279
2025/03/18 05:02:56.684, 0, 0, 12288, 4399, 75.27, 6.13, 5537, 31904, 17.3552
2025/03/18 05:02:58.714, 1, 0, 12288, 4399, 41.61, 5.36, 5538, 31904, 17.3583
2025/03/18 05:03:00.744, 85, 53, 12288, 4399, 88.16, 9.32, 5516, 31904, 17.2894
2025/03/18 05:03:02.793, 4, 1, 12288, 4399, 43.38, 6.18, 5586, 31904, 17.5088
2025/03/18 05:03:04.829, 95, 89, 12288, 4399, 53.27, 12, 5614, 31904, 17.5965
2025/03/18 05:03:06.874, 3, 1, 12288, 4399, 44.45, 6.54, 5524, 31904, 17.3144
2025/03/18 05:03:08.907, 0, 0, 12288, 4399, 40.59, 13.23, 5623, 31904, 17.6247
2025/03/18 05:03:10.931, 1, 0, 12288, 4399, 47.06, 7.75, 5531, 31904, 17.3364
2025/03/18 05:03:12.961, 1, 0, 12288, 4399, 40.68, 9.55, 5622, 31904, 17.6216
2025/03/18 05:03:14.977, 0, 0, 12288, 4399, 84.87, 7.11, 5533, 31904, 17.3427
2025/03/18 05:03:17.037, 0, 0, 12288, 4399, 42.00, 6.03, 5541, 31904, 17.3677
2025/03/18 05:03:19.093, 82, 50, 12288, 4399, 88.29, 9.36, 5524, 31904, 17.3144
2025/03/18 05:03:21.136, 3, 0, 12288, 4399, 43.70, 5.79, 5588, 31904, 17.515
2025/03/18 05:03:23.182, 90, 85, 12288, 4399, 52.85, 12.93, 5631, 31904, 17.6498
2025/03/18 05:03:25.199, 4, 1, 12288, 4399, 44.41, 5.97, 5581, 31904, 17.4931
2025/03/18 05:03:27.216, 0, 0, 12288, 4399, 40.67, 11.46, 5670, 31904, 17.7721
2025/03/18 05:03:29.233, 1, 0, 12288, 4399, 54.58, 5.81, 5543, 31904, 17.374
2025/03/18 05:03:31.263, 0, 0, 12288, 4399, 40.83, 7.26, 5648, 31904, 17.7031
2025/03/18 05:03:33.280, 1, 0, 12288, 4399, 90.21, 6.37, 5550, 31904, 17.3959
2025/03/18 05:03:35.299, 1, 0, 12288, 4399, 42.37, 4.85, 5536, 31904, 17.3521
2025/03/18 05:03:37.329, 99, 73, 12288, 4399, 77.18, 8.92, 5538, 31904, 17.3583
2025/03/18 05:03:39.360, 3, 1, 12288, 4399, 43.93, 4.3, 5540, 31904, 17.3646
2025/03/18 05:03:41.409, 3, 1, 12288, 4399, 40.70, 10.83, 5637, 31904, 17.6686
2025/03/18 05:03:43.427, 2, 1, 12288, 4399, 44.45, 4.48, 5534, 31904, 17.3458
2025/03/18 05:03:45.486, 0, 0, 12288, 4399, 40.62, 10.6, 5631, 31904, 17.6498
2025/03/18 05:03:47.511, 0, 0, 12288, 4399, 61.13, 6.47, 5527, 31904, 17.3238
2025/03/18 05:03:49.544, 0, 0, 12288, 4399, 40.87, 7.62, 5630, 31904, 17.6467
2025/03/18 05:03:51.581, 1, 0, 12288, 4399, 93.56, 7.94, 5534, 31904, 17.3458
2025/03/18 05:03:53.605, 1, 0, 12288, 4399, 43.33, 5.62, 5535, 31904, 17.3489
2025/03/18 05:03:55.628, 100, 80, 12288, 4399, 64.87, 10.81, 5529, 31904, 17.3301
2025/03/18 05:03:57.664, 3, 1, 12288, 4399, 44.46, 6.3, 5539, 31904, 17.3615
2025/03/18 05:03:59.696, 0, 0, 12288, 4399, 40.60, 13.12, 5635, 31904, 17.6624
2025/03/18 05:04:01.726, 0, 0, 12288, 4399, 44.56, 6.88, 5603, 31904, 17.5621
2025/03/18 05:04:03.765, 0, 0, 12288, 4399, 40.67, 10.61, 5610, 31904, 17.584
2025/03/18 05:04:05.784, 1, 0, 12288, 4399, 75.71, 6.37, 5525, 31904, 17.3176
2025/03/18 05:04:07.818, 0, 0, 12288, 4399, 41.97, 6.58, 5514, 31904, 17.2831
2025/03/18 05:04:09.857, 60, 29, 12288, 4399, 93.41, 8.71, 5524, 31904, 17.3144
2025/03/18 05:04:11.901, 3, 1, 12288, 4399, 43.75, 5.46, 5523, 31904, 17.3113
2025/03/18 05:04:13.953, 100, 91, 12288, 4399, 60.73, 11.68, 5610, 31904, 17.584
2025/03/18 05:04:15.974, 3, 0, 12288, 4399, 44.48, 6.45, 5525, 31904, 17.3176
2025/03/18 05:04:18.019, 0, 0, 12288, 4399, 40.58, 13.36, 5602, 31904, 17.5589
2025/03/18 05:04:20.065, 0, 0, 12288, 4399, 46.96, 7.28, 5517, 31904, 17.2925
2025/03/18 05:04:22.103, 1, 0, 12288, 4399, 40.75, 9.88, 5621, 31904, 17.6185
2025/03/18 05:04:24.124, 0, 0, 12288, 4399, 86.42, 7.38, 5525, 31904, 17.3176
2025/03/18 05:04:26.177, 0, 0, 12288, 4399, 42.08, 5.35, 5526, 31904, 17.3207
2025/03/18 05:04:28.207, 87, 53, 12288, 4399, 85.31, 8.97, 5543, 31904, 17.374
2025/03/18 05:04:30.246, 3, 1, 12288, 4399, 43.70, 4.95, 5531, 31904, 17.3364
2025/03/18 05:04:32.271, 3, 1, 12288, 4399, 45.45, 10.69, 5667, 31904, 17.7627
2025/03/18 05:04:34.306, 2, 1, 12288, 4399, 44.50, 5.23, 5532, 31904, 17.3395
2025/03/18 05:04:36.333, 0, 0, 12288, 4399, 40.68, 10.97, 5636, 31904, 17.6655
2025/03/18 05:04:38.385, 0, 0, 12288, 4399, 54.47, 5.62, 5536, 31904, 17.3521
2025/03/18 05:04:40.445, 0, 0, 12288, 4399, 40.77, 7.09, 5638, 31904, 17.6718
2025/03/18 05:04:42.481, 1, 1, 12288, 4399, 90.21, 6.03, 5530, 31904, 17.3332
2025/03/18 05:04:44.517, 0, 0, 12288, 4399, 41.96, 4.89, 5543, 31904, 17.374
2025/03/18 05:04:46.541, 87, 53, 12288, 4399, 84.03, 9.98, 5527, 31904, 17.3238
2025/03/18 05:04:48.596, 3, 1, 12288, 4399, 43.91, 6.03, 5528, 31904, 17.327
2025/03/18 05:04:50.649, 3, 1, 12288, 4399, 44.63, 12.21, 5619, 31904, 17.6122
2025/03/18 05:04:52.670, 2, 0, 12288, 4399, 44.41, 6.92, 5528, 31904, 17.327
2025/03/18 05:04:54.699, 0, 0, 12288, 4399, 40.58, 12.19, 5634, 31904, 17.6592
2025/03/18 05:04:56.733, 0, 0, 12288, 4399, 60.59, 6.06, 5533, 31904, 17.3427
2025/03/18 05:04:58.789, 1, 0, 12288, 4399, 41.22, 7.05, 5636, 31904, 17.6655
2025/03/18 05:05:00.811, 4, 1, 12288, 4399, 93.97, 8.3, 5540, 31904, 17.3646
2025/03/18 05:05:02.854, 3, 0, 12288, 4399, 43.07, 5.7, 5530, 31904, 17.3332
2025/03/18 05:05:04.905, 100, 92, 12288, 4399, 66.54, 11.19, 5518, 31904, 17.2956
2025/03/18 05:05:06.935, 3, 0, 12288, 4399, 44.66, 6.81, 5531, 31904, 17.3364
2025/03/18 05:05:08.966, 3, 1, 12288, 4402, 40.82, 19.98, 5675, 31904, 17.7877
2025/03/18 05:05:10.993, 5, 2, 12288, 4452, 45.56, 6.66, 5591, 31904, 17.5244
2025/03/18 05:05:13.029, 0, 0, 12288, 4323, 41.95, 9.01, 5062, 31904, 15.8663
2025/03/18 05:05:15.049, 0, 0, 12288, 4323, 76.60, 5.69, 5002, 31904, 15.6783
2025/03/18 05:05:17.070, 0, 0, 12288, 4323, 41.69, 4.53, 4997, 31904, 15.6626
2025/03/18 05:05:19.091, 90, 55, 12288, 4323, 92.05, 7.69, 4970, 31904, 15.578
2025/03/18 05:05:21.143, 4, 1, 12288, 4303, 43.44, 4.45, 4968, 31904, 15.5717
2025/03/18 05:05:23.170, 91, 85, 12288, 4303, 52.94, 10.44, 5071, 31904, 15.8946
2025/03/18 05:05:25.192, 3, 1, 12288, 4303, 44.61, 5.12, 4967, 31904, 15.5686
2025/03/18 05:05:27.252, 0, 0, 12288, 4303, 40.77, 11.05, 5082, 31904, 15.929
2025/03/18 05:05:29.286, 1, 0, 12288, 4303, 53.98, 5.03, 4973, 31904, 15.5874
2025/03/18 05:05:31.320, 0, 0, 12288, 4303, 40.72, 7, 5072, 31904, 15.8977
2025/03/18 05:05:33.353, 0, 0, 12288, 4303, 89.54, 4.8, 4968, 31904, 15.5717
2025/03/18 05:05:35.387, 4, 1, 12288, 4303, 42.74, 4.86, 5003, 31904, 15.6814
2025/03/18 05:05:37.406, 87, 52, 12288, 4303, 88.54, 8.51, 4970, 31904, 15.578
2025/03/18 05:05:39.461, 3, 1, 12288, 4303, 44.33, 4.36, 4976, 31904, 15.5968
2025/03/18 05:05:41.509, 77, 71, 12288, 4303, 50.88, 10.59, 5072, 31904, 15.8977
2025/03/18 05:05:43.553, 4, 1, 12288, 4303, 44.51, 4.55, 4971, 31904, 15.5811
2025/03/18 05:05:45.591, 0, 0, 12288, 4303, 40.64, 10.73, 5074, 31904, 15.904
2025/03/18 05:05:47.610, 0, 0, 12288, 4303, 48.48, 4.87, 4980, 31904, 15.6093
2025/03/18 05:05:49.645, 0, 0, 12288, 4303, 40.79, 7.63, 5079, 31904, 15.9196
2025/03/18 05:05:51.665, 1, 0, 12288, 4303, 90.03, 5.55, 4978, 31904, 15.6031
2025/03/18 05:05:53.701, 0, 0, 12288, 4303, 42.02, 3.79, 4979, 31904, 15.6062
2025/03/18 05:05:55.734, 88, 54, 12288, 4303, 85.03, 8.44, 4972, 31904, 15.5843
2025/03/18 05:05:57.764, 3, 1, 12288, 4303, 44.04, 4.78, 4979, 31904, 15.6062
2025/03/18 05:05:59.817, 3, 1, 12288, 4303, 45.68, 10.43, 5138, 31904, 16.1046
2025/03/18 05:06:01.837, 3, 1, 12288, 4303, 44.55, 5.37, 4980, 31904, 15.6093
2025/03/18 05:06:03.868, 0, 0, 12288, 4303, 40.65, 10.59, 5078, 31904, 15.9165
2025/03/18 05:06:05.887, 0, 0, 12288, 4303, 55.62, 5.38, 4973, 31904, 15.5874
2025/03/18 05:06:07.917, 0, 0, 12288, 4303, 40.81, 5.05, 4978, 31904, 15.6031
2025/03/18 05:06:09.935, 2, 1, 12288, 4303, 93.62, 6.71, 4983, 31904, 15.6187
2025/03/18 05:06:11.963, 2, 1, 12288, 4303, 43.49, 4.94, 5031, 31904, 15.7692
2025/03/18 05:06:14.001, 100, 94, 12288, 4303, 63.58, 10.35, 4968, 31904, 15.5717
2025/03/18 05:06:16.022, 3, 1, 12288, 4303, 44.65, 4.72, 4991, 31904, 15.6438
2025/03/18 05:06:18.075, 1, 0, 12288, 4303, 40.73, 12, 5060, 31904, 15.8601
2025/03/18 05:06:20.099, 0, 0, 12288, 4303, 44.65, 5.63, 4972, 31904, 15.5843
2025/03/18 05:06:22.136, 0, 0, 12288, 4303, 40.78, 8.75, 5065, 31904, 15.8758
2025/03/18 05:06:24.175, 0, 0, 12288, 4303, 80.19, 5.75, 4971, 31904, 15.5811
2025/03/18 05:06:26.212, 0, 0, 12288, 4303, 41.73, 4.61, 4966, 31904, 15.5654
2025/03/18 05:06:28.244, 76, 43, 12288, 4303, 88.12, 7.04, 4957, 31904, 15.5372
2025/03/18 05:06:30.287, 3, 1, 12288, 4303, 43.43, 4.61, 4971, 31904, 15.5811
2025/03/18 05:06:32.321, 100, 90, 12288, 4303, 61.16, 10.03, 5068, 31904, 15.8852
2025/03/18 05:06:34.337, 3, 1, 12288, 4303, 44.59, 4.71, 4968, 31904, 15.5717
2025/03/18 05:06:36.380, 0, 0, 12288, 4303, 40.57, 12.12, 5069, 31904, 15.8883
2025/03/18 05:06:38.413, 0, 0, 12288, 4303, 44.60, 6.76, 4989, 31904, 15.6375
2025/03/18 05:06:40.440, 0, 0, 12288, 4303, 40.74, 8.53, 5072, 31904, 15.8977
2025/03/18 05:06:42.461, 0, 0, 12288, 4303, 84.25, 4.81, 4971, 31904, 15.5811
2025/03/18 05:06:44.494, 0, 0, 12288, 4303, 41.93, 4.28, 4969, 31904, 15.5748
2025/03/18 05:06:46.541, 56, 30, 12288, 4303, 89.02, 7.21, 4976, 31904, 15.5968
2025/03/18 05:06:48.585, 3, 0, 12288, 4303, 43.67, 4.19, 5006, 31904, 15.6908
2025/03/18 05:06:50.606, 55, 51, 12288, 4303, 55.44, 10.33, 5049, 31904, 15.8256
2025/03/18 05:06:52.625, 3, 1, 12288, 4303, 44.49, 5.03, 4967, 31904, 15.5686
2025/03/18 05:06:54.669, 0, 0, 12288, 4303, 40.61, 11.26, 5071, 31904, 15.8946
2025/03/18 05:06:56.700, 0, 0, 12288, 4303, 45.58, 4.98, 4963, 31904, 15.556
2025/03/18 05:06:58.761, 0, 0, 12288, 4303, 40.64, 8.12, 5067, 31904, 15.882
2025/03/18 05:07:00.801, 0, 0, 12288, 4303, 83.66, 5.61, 4974, 31904, 15.5905
2025/03/18 05:07:02.825, 0, 0, 12288, 4303, 42.24, 4.12, 4974, 31904, 15.5905
2025/03/18 05:07:04.873, 64, 36, 12288, 4303, 88.89, 7.78, 4970, 31904, 15.578
2025/03/18 05:07:06.908, 5, 1, 12288, 4303, 44.10, 4.85, 4975, 31904, 15.5937
2025/03/18 05:07:08.942, 46, 40, 12288, 4303, 46.35, 10.42, 5070, 31904, 15.8914
2025/03/18 05:07:11.008, 3, 1, 12288, 4303, 44.56, 5.29, 4978, 31904, 15.6031
2025/03/18 05:07:13.046, 0, 0, 12288, 4303, 40.66, 10.95, 5060, 31904, 15.8601
2025/03/18 05:07:15.117, 0, 0, 12288, 4303, 46.96, 5.13, 4978, 31904, 15.6031
2025/03/18 05:07:17.155, 1, 0, 12288, 4303, 40.81, 8.2, 5072, 31904, 15.8977
2025/03/18 05:07:19.193, 0, 0, 12288, 4303, 85.29, 5.38, 4976, 31904, 15.5968
2025/03/18 05:07:21.213, 0, 0, 12288, 4303, 42.31, 4.38, 4967, 31904, 15.5686
2025/03/18 05:07:23.232, 87, 50, 12288, 4303, 86.53, 8.05, 4950, 31904, 15.5153
2025/03/18 05:07:25.286, 3, 1, 12288, 4303, 43.96, 4.37, 4965, 31904, 15.5623
2025/03/18 05:07:27.316, 53, 48, 12288, 4303, 47.20, 10.5, 5066, 31904, 15.8789
2025/03/18 05:07:29.355, 6, 1, 12288, 4303, 44.48, 5.29, 4970, 31904, 15.578
2025/03/18 05:07:31.404, 0, 0, 12288, 4303, 40.53, 10.92, 5064, 31904, 15.8726
2025/03/18 05:07:33.461, 0, 0, 12288, 4303, 46.18, 5.05, 4973, 31904, 15.5874
2025/03/18 05:07:35.496, 0, 0, 12288, 4303, 40.64, 8.17, 5069, 31904, 15.8883
2025/03/18 05:07:37.512, 0, 0, 12288, 4303, 89.89, 5.48, 4971, 31904, 15.5811
2025/03/18 05:07:39.551, 0, 0, 12288, 4303, 42.64, 4.98, 4987, 31904, 15.6313
2025/03/18 05:07:41.578, 87, 54, 12288, 4304, 87.67, 8.3, 4978, 31904, 15.6031
2025/03/18 05:07:43.607, 4, 1, 12288, 4303, 44.29, 4.79, 4969, 31904, 15.5748
2025/03/18 05:07:45.641, 2, 1, 12288, 4303, 41.81, 10.35, 5065, 31904, 15.8758
2025/03/18 05:07:47.660, 4, 1, 12288, 4303, 44.46, 5.12, 4978, 31904, 15.6031
2025/03/18 05:07:49.695, 0, 0, 12288, 4303, 40.60, 10.14, 5116, 31904, 16.0356
2025/03/18 05:07:51.748, 0, 0, 12288, 4303, 60.86, 5.7, 4977, 31904, 15.5999
2025/03/18 05:07:53.783, 1, 0, 12288, 4291, 40.81, 8, 5110, 31904, 16.0168
2025/03/18 05:07:55.821, 2, 0, 12288, 4291, 90.01, 6.53, 4946, 31904, 15.5028
2025/03/18 05:07:57.848, 2, 0, 12288, 4291, 42.62, 4.27, 4948, 31904, 15.509
2025/03/18 05:07:59.901, 87, 47, 12288, 4291, 80.74, 9.02, 4941, 31904, 15.4871
2025/03/18 05:08:01.944, 3, 1, 12288, 4291, 44.64, 4.29, 4951, 31904, 15.5184
2025/03/18 05:08:03.978, 2, 1, 12288, 4291, 40.67, 10.17, 5017, 31904, 15.7253
2025/03/18 05:08:05.997, 1, 0, 12288, 4291, 44.55, 5.7, 4936, 31904, 15.4714
2025/03/18 05:08:08.033, 0, 0, 12288, 4291, 40.56, 10.22, 5037, 31904, 15.788
2025/03/18 05:08:10.081, 0, 0, 12288, 4291, 61.82, 5.46, 4998, 31904, 15.6657
2025/03/18 05:08:12.129, 1, 0, 12288, 4291, 41.26, 5.55, 5061, 31904, 15.8632
2025/03/18 05:08:14.185, 2, 1, 12288, 4291, 90.18, 6.21, 4944, 31904, 15.4965
2025/03/18 05:08:16.222, 2, 0, 12288, 4291, 43.08, 4.61, 4946, 31904, 15.5028
2025/03/18 05:08:18.285, 87, 50, 12288, 4291, 80.27, 9.31, 4942, 31904, 15.4902
2025/03/18 05:08:20.320, 3, 1, 12288, 4291, 44.57, 4.38, 4971, 31904, 15.5811
2025/03/18 05:08:22.358, 2, 1, 12288, 4291, 40.67, 10.44, 5041, 31904, 15.8005
2025/03/18 05:08:24.388, 1, 0, 12288, 4291, 44.52, 4.73, 4945, 31904, 15.4996
2025/03/18 05:08:26.434, 0, 0, 12288, 4291, 40.58, 9.72, 5045, 31904, 15.8131
2025/03/18 05:08:28.455, 0, 0, 12288, 4291, 61.56, 5.05, 4950, 31904, 15.5153
2025/03/18 05:08:30.484, 0, 0, 12288, 4291, 41.26, 5.56, 4952, 31904, 15.5216
2025/03/18 05:08:32.501, 4, 1, 12288, 4291, 89.97, 6.94, 4937, 31904, 15.4745
2025/03/18 05:08:34.533, 3, 1, 12288, 4291, 43.44, 4.36, 4944, 31904, 15.4965
2025/03/18 05:08:36.585, 100, 91, 12288, 4291, 67.00, 9.76, 4947, 31904, 15.5059
2025/03/18 05:08:38.626, 3, 1, 12288, 4291, 44.51, 4.95, 4953, 31904, 15.5247
2025/03/18 05:08:40.659, 3, 1, 12288, 4291, 40.71, 11.59, 5043, 31904, 15.8068
2025/03/18 05:08:42.706, 1, 0, 12288, 4291, 44.49, 5.53, 4950, 31904, 15.5153
2025/03/18 05:08:44.743, 0, 0, 12288, 4291, 40.72, 8.88, 5047, 31904, 15.8193
2025/03/18 05:08:46.785, 0, 0, 12288, 4291, 75.78, 5.52, 4946, 31904, 15.5028
2025/03/18 05:08:48.838, 0, 0, 12288, 4291, 41.21, 4.53, 4943, 31904, 15.4934
2025/03/18 05:08:50.862, 13, 3, 12288, 4291, 88.78, 7.29, 4935, 31904, 15.4683
2025/03/18 05:08:52.897, 3, 1, 12288, 4291, 43.37, 4.53, 4943, 31904, 15.4934
2025/03/18 05:08:54.941, 100, 96, 12288, 4291, 63.46, 10.24, 5046, 31904, 15.8162
2025/03/18 05:08:56.962, 3, 1, 12288, 4291, 44.60, 5.04, 4949, 31904, 15.5122
2025/03/18 05:08:59.032, 0, 0, 12288, 4291, 40.67, 11.6, 5099, 31904, 15.9823
2025/03/18 05:09:01.104, 0, 0, 12288, 4291, 44.57, 4.9, 4969, 31904, 15.5748
2025/03/18 05:09:03.131, 0, 0, 12288, 4291, 40.55, 9.11, 5054, 31904, 15.8413
2025/03/18 05:09:05.170, 0, 0, 12288, 4291, 76.17, 5.28, 4955, 31904, 15.531
2025/03/18 05:09:07.193, 0, 0, 12288, 4291, 41.49, 4.52, 4951, 31904, 15.5184
2025/03/18 05:09:09.224, 88, 54, 12288, 4291, 88.58, 7.43, 4957, 31904, 15.5372
2025/03/18 05:09:11.258, 2, 0, 12288, 4291, 43.29, 4.28, 4957, 31904, 15.5372
2025/03/18 05:09:13.309, 98, 91, 12288, 4291, 53.58, 10.49, 5048, 31904, 15.8225
2025/03/18 05:09:15.330, 3, 1, 12288, 4291, 44.50, 4.96, 4961, 31904, 15.5498
2025/03/18 05:09:17.364, 0, 0, 12288, 4291, 40.53, 11.62, 5057, 31904, 15.8507
2025/03/18 05:09:19.387, 0, 0, 12288, 4291, 47.04, 5.93, 4952, 31904, 15.5216
2025/03/18 05:09:21.424, 0, 0, 12288, 4291, 40.64, 8.16, 5051, 31904, 15.8319
2025/03/18 05:09:23.466, 0, 0, 12288, 4291, 84.74, 5.86, 4947, 31904, 15.5059
2025/03/18 05:09:25.492, 1, 0, 12288, 4291, 41.92, 4.37, 4962, 31904, 15.5529
2025/03/18 05:09:27.521, 85, 51, 12288, 4291, 88.42, 8.19, 4954, 31904, 15.5278
2025/03/18 05:09:29.556, 3, 0, 12288, 4291, 43.61, 4.53, 4951, 31904, 15.5184
2025/03/18 05:09:31.609, 2, 1, 12288, 4291, 45.08, 10.43, 5105, 31904, 16.0011
2025/03/18 05:09:33.628, 4, 1, 12288, 4291, 44.50, 5.28, 4950, 31904, 15.5153
2025/03/18 05:09:35.671, 0, 0, 12288, 4291, 40.56, 10.69, 5046, 31904, 15.8162
2025/03/18 05:09:37.724, 0, 0, 12288, 4291, 47.14, 5.13, 4954, 31904, 15.5278
2025/03/18 05:09:39.765, 0, 0, 12288, 4291, 40.60, 7.54, 5062, 31904, 15.8663
2025/03/18 05:09:41.782, 1, 0, 12288, 4291, 90.02, 5.3, 4957, 31904, 15.5372
2025/03/18 05:09:43.814, 1, 0, 12288, 4291, 41.81, 4.04, 5000, 31904, 15.672
2025/03/18 05:09:45.830, 88, 54, 12288, 4291, 84.81, 8.63, 4945, 31904, 15.4996
2025/03/18 05:09:47.881, 3, 0, 12288, 4291, 43.81, 4.45, 4948, 31904, 15.509
2025/03/18 05:09:49.916, 3, 1, 12288, 4291, 44.16, 10.43, 5053, 31904, 15.8381
2025/03/18 05:09:51.932, 2, 0, 12288, 4291, 44.40, 5.27, 4948, 31904, 15.509
2025/03/18 05:09:53.966, 0, 0, 12288, 4291, 40.50, 10.11, 5056, 31904, 15.8475
2025/03/18 05:09:56.016, 0, 0, 12288, 4291, 60.59, 5.6, 4945, 31904, 15.4996
2025/03/18 05:09:58.049, 0, 0, 12288, 4291, 41.04, 5.21, 4957, 31904, 15.5372
2025/03/18 05:10:00.067, 1, 0, 12288, 4291, 89.54, 7, 4956, 31904, 15.5341
2025/03/18 05:10:02.098, 2, 0, 12288, 4291, 43.38, 4.21, 4952, 31904, 15.5216
2025/03/18 05:10:04.121, 100, 89, 12288, 4291, 71.46, 9.46, 4949, 31904, 15.5122
2025/03/18 05:10:06.163, 2, 0, 12288, 4291, 44.55, 4.93, 4952, 31904, 15.5216
2025/03/18 05:10:08.196, 0, 0, 12288, 4291, 40.57, 11.53, 5052, 31904, 15.835
2025/03/18 05:10:10.242, 1, 0, 12288, 4291, 44.51, 5.69, 4952, 31904, 15.5216
2025/03/18 05:10:12.297, 0, 0, 12288, 4291, 40.62, 9.82, 5051, 31904, 15.8319
2025/03/18 05:10:14.323, 0, 0, 12288, 4291, 70.13, 4.89, 4957, 31904, 15.5372
2025/03/18 05:10:16.375, 0, 0, 12288, 4291, 41.45, 4.6, 4957, 31904, 15.5372
2025/03/18 05:10:18.392, 70, 39, 12288, 4291, 87.86, 7.6, 4953, 31904, 15.5247
2025/03/18 05:10:20.425, 2, 0, 12288, 4291, 43.35, 4.13, 4950, 31904, 15.5153
2025/03/18 05:10:22.460, 100, 91, 12288, 4291, 58.25, 10.28, 5043, 31904, 15.8068
2025/03/18 05:10:24.501, 3, 1, 12288, 4291, 44.50, 4.7, 4951, 31904, 15.5184
2025/03/18 05:10:26.535, 0, 0, 12288, 4291, 40.54, 11.75, 5055, 31904, 15.8444
2025/03/18 05:10:28.560, 0, 0, 12288, 4291, 45.76, 5.76, 4957, 31904, 15.5372
2025/03/18 05:10:30.594, 0, 0, 12288, 4291, 40.69, 8.03, 5055, 31904, 15.8444
2025/03/18 05:10:32.613, 0, 0, 12288, 4291, 83.67, 5.13, 4960, 31904, 15.5466
2025/03/18 05:10:34.645, 0, 0, 12288, 4291, 41.94, 4.62, 4999, 31904, 15.6689
2025/03/18 05:10:36.685, 85, 53, 12288, 4291, 86.18, 7.97, 4950, 31904, 15.5153
2025/03/18 05:10:38.725, 3, 1, 12288, 4291, 43.65, 4.77, 4947, 31904, 15.5059
2025/03/18 05:10:40.756, 3, 1, 12288, 4291, 45.48, 10.19, 5052, 31904, 15.835
2025/03/18 05:10:42.786, 2, 1, 12288, 4291, 44.49, 5.29, 4948, 31904, 15.509
2025/03/18 05:10:44.822, 0, 0, 12288, 4291, 40.55, 11.2, 5042, 31904, 15.8037
2025/03/18 05:10:46.843, 0, 0, 12288, 4291, 55.58, 5.45, 4948, 31904, 15.509
2025/03/18 05:10:48.872, 0, 0, 12288, 4291, 40.76, 7.28, 5047, 31904, 15.8193
2025/03/18 05:10:50.909, 2, 1, 12288, 4291, 90.20, 6.22, 4945, 31904, 15.4996
2025/03/18 05:10:52.938, 2, 0, 12288, 4291, 42.36, 4.44, 4958, 31904, 15.5404
2025/03/18 05:10:54.990, 100, 90, 12288, 4291, 79.29, 9.21, 4938, 31904, 15.4777
2025/03/18 05:10:57.011, 3, 0, 12288, 4291, 44.62, 4.7, 4935, 31904, 15.4683
2025/03/18 05:10:59.083, 1, 1, 12288, 4291, 40.60, 11.69, 5033, 31904, 15.7755
2025/03/18 05:11:01.105, 1, 0, 12288, 4291, 44.48, 5.21, 4943, 31904, 15.4934
2025/03/18 05:11:03.153, 0, 0, 12288, 4291, 40.68, 9.38, 5028, 31904, 15.7598
2025/03/18 05:11:05.175, 0, 0, 12288, 4291, 76.52, 4.71, 4951, 31904, 15.5184
2025/03/18 05:11:07.196, 0, 0, 12288, 4291, 41.25, 3.95, 4953, 31904, 15.5247
2025/03/18 05:11:09.226, 22, 7, 12288, 4291, 88.94, 7.51, 4927, 31904, 15.4432
2025/03/18 05:11:11.249, 5, 1, 12288, 4291, 43.37, 4.45, 4946, 31904, 15.5028
2025/03/18 05:11:13.301, 83, 78, 12288, 4291, 58.93, 10.43, 5029, 31904, 15.7629
2025/03/18 05:11:15.365, 3, 0, 12288, 4291, 44.62, 5.19, 4952, 31904, 15.5216
2025/03/18 05:11:17.399, 0, 0, 12288, 4291, 40.59, 10.97, 5038, 31904, 15.7911
2025/03/18 05:11:19.448, 0, 0, 12288, 4291, 45.47, 5.29, 4946, 31904, 15.5028
2025/03/18 05:11:21.482, 1, 0, 12288, 4291, 40.72, 8.65, 5045, 31904, 15.8131
2025/03/18 05:11:23.499, 1, 0, 12288, 4291, 85.82, 5.7, 4937, 31904, 15.4745
2025/03/18 05:11:25.561, 1, 0, 12288, 4291, 42.42, 4.77, 4943, 31904, 15.4934
2025/03/18 05:11:27.593, 78, 44, 12288, 4291, 87.93, 8.5, 4931, 31904, 15.4557
2025/03/18 05:11:29.624, 3, 1, 12288, 4291, 44.13, 4.29, 4948, 31904, 15.509
2025/03/18 05:11:31.669, 25, 20, 12288, 4291, 43.88, 10.35, 5042, 31904, 15.8037
2025/03/18 05:11:33.690, 3, 1, 12288, 4291, 44.58, 5.11, 4948, 31904, 15.509
2025/03/18 05:11:35.725, 0, 0, 12288, 4291, 40.68, 11.01, 5058, 31904, 15.8538
2025/03/18 05:11:37.746, 0, 0, 12288, 4291, 60.89, 5.04, 4945, 31904, 15.4996
2025/03/18 05:11:39.779, 1, 0, 12288, 4291, 40.83, 6.83, 5036, 31904, 15.7849
2025/03/18 05:11:41.802, 1, 0, 12288, 4291, 89.64, 6.45, 4944, 31904, 15.4965
2025/03/18 05:11:43.861, 1, 0, 12288, 4291, 42.73, 4.37, 4946, 31904, 15.5028
2025/03/18 05:11:45.895, 99, 72, 12288, 4291, 77.48, 9.33, 4937, 31904, 15.4745
2025/03/18 05:11:47.925, 3, 1, 12288, 4291, 44.27, 4.21, 4949, 31904, 15.5122
2025/03/18 05:11:49.956, 0, 0, 12288, 4291, 40.54, 11.81, 5046, 31904, 15.8162
2025/03/18 05:11:51.987, 2, 0, 12288, 4291, 44.44, 4.74, 5003, 31904, 15.6814
2025/03/18 05:11:54.012, 0, 0, 12288, 4291, 40.61, 9.13, 5043, 31904, 15.8068
2025/03/18 05:11:56.055, 0, 0, 12288, 4291, 76.29, 4.88, 4959, 31904, 15.5435
2025/03/18 05:11:58.089, 0, 0, 12288, 4291, 41.53, 4.36, 4951, 31904, 15.5184
2025/03/18 05:12:00.137, 92, 52, 12288, 4291, 88.24, 7.23, 4946, 31904, 15.5028
2025/03/18 05:12:02.171, 3, 1, 12288, 4291, 43.35, 4.03, 4953, 31904, 15.5247
2025/03/18 05:12:04.206, 100, 94, 12288, 4291, 56.79, 10.16, 5055, 31904, 15.8444
2025/03/18 05:12:06.229, 3, 1, 12288, 4291, 44.58, 4.64, 4957, 31904, 15.5372
2025/03/18 05:12:08.281, 0, 0, 12288, 4291, 40.78, 11.4, 5057, 31904, 15.8507
2025/03/18 05:12:10.312, 0, 0, 12288, 4291, 45.62, 5.39, 4955, 31904, 15.531
2025/03/18 05:12:12.339, 0, 0, 12288, 4291, 40.85, 7.82, 5052, 31904, 15.835
2025/03/18 05:12:14.359, 1, 0, 12288, 4291, 89.00, 5.05, 4958, 31904, 15.5404
2025/03/18 05:12:16.383, 0, 0, 12288, 4291, 42.02, 4.52, 4951, 31904, 15.5184
2025/03/18 05:12:18.415, 86, 54, 12288, 4291, 86.79, 8.29, 4944, 31904, 15.4965
2025/03/18 05:12:20.431, 4, 1, 12288, 4291, 44.04, 4.29, 4948, 31904, 15.509
2025/03/18 05:12:22.460, 4, 1, 12288, 4291, 46.41, 10.56, 5058, 31904, 15.8538
2025/03/18 05:12:24.482, 3, 0, 12288, 4291, 44.60, 5.03, 4972, 31904, 15.5843
2025/03/18 05:12:26.511, 0, 0, 12288, 4291, 40.71, 10.36, 5059, 31904, 15.8569
2025/03/18 05:12:28.589, 1, 0, 12288, 4291, 55.28, 5.07, 5014, 31904, 15.7159
2025/03/18 05:12:30.637, 1, 0, 12288, 4291, 40.90, 7.2, 5074, 31904, 15.904
2025/03/18 05:12:32.654, 1, 0, 12288, 4291, 90.01, 6.21, 4977, 31904, 15.5999
2025/03/18 05:12:34.705, 4, 0, 12288, 4291, 42.58, 4.19, 4954, 31904, 15.5278
2025/03/18 05:12:36.738, 100, 79, 12288, 4291, 73.75, 9.56, 4955, 31904, 15.531
2025/03/18 05:12:38.793, 3, 1, 12288, 4291, 44.21, 4.79, 4954, 31904, 15.5278
2025/03/18 05:12:40.827, 2, 1, 12288, 4291, 40.92, 10.37, 5044, 31904, 15.8099
2025/03/18 05:12:42.902, 2, 0, 12288, 4291, 44.60, 5.77, 4953, 31904, 15.5247
2025/03/18 05:12:44.939, 0, 0, 12288, 4291, 40.76, 9.97, 5058, 31904, 15.8538
2025/03/18 05:12:46.961, 0, 0, 12288, 4291, 60.97, 4.49, 4953, 31904, 15.5247
2025/03/18 05:12:48.995, 0, 0, 12288, 4291, 41.38, 5.53, 4957, 31904, 15.5372
2025/03/18 05:12:51.016, 4, 1, 12288, 4291, 89.86, 6.8, 4958, 31904, 15.5404
2025/03/18 05:12:53.046, 2, 0, 12288, 4291, 43.57, 4.12, 4958, 31904, 15.5404
2025/03/18 05:12:55.065, 100, 88, 12288, 4291, 71.89, 10.47, 4948, 31904, 15.509
2025/03/18 05:12:57.108, 4, 1, 12288, 4291, 44.71, 4.85, 4957, 31904, 15.5372
2025/03/18 05:12:59.142, 0, 0, 12288, 4291, 40.75, 11.97, 5054, 31904, 15.8413
2025/03/18 05:13:01.164, 1, 0, 12288, 4291, 44.66, 5.21, 4954, 31904, 15.5278
2025/03/18 05:13:03.200, 0, 0, 12288, 4291, 40.80, 8.56, 5051, 31904, 15.8319
2025/03/18 05:13:05.241, 2, 0, 12288, 4291, 79.86, 5.05, 4954, 31904, 15.5278
2025/03/18 05:13:07.296, 0, 0, 12288, 4291, 41.65, 4.19, 4961, 31904, 15.5498
2025/03/18 05:13:09.345, 13, 3, 12288, 4291, 88.82, 7.44, 4952, 31904, 15.5216
2025/03/18 05:13:11.369, 3, 1, 12288, 4291, 43.46, 4.44, 4958, 31904, 15.5404
2025/03/18 05:13:13.417, 90, 83, 12288, 4291, 52.77, 9.97, 5046, 31904, 15.8162
2025/03/18 05:13:15.447, 3, 1, 12288, 4291, 44.65, 5.27, 4957, 31904, 15.5372
2025/03/18 05:13:17.480, 1, 0, 12288, 4291, 40.67, 12.19, 5053, 31904, 15.8381
2025/03/18 05:13:19.516, 0, 0, 12288, 4291, 47.84, 5.86, 4952, 31904, 15.5216
2025/03/18 05:13:21.555, 1, 0, 12288, 4291, 40.79, 7.17, 5060, 31904, 15.8601
2025/03/18 05:13:23.593, 0, 0, 12288, 4291, 89.12, 5.78, 4954, 31904, 15.5278
2025/03/18 05:13:25.661, 0, 0, 12288, 4291, 42.39, 4.61, 4957, 31904, 15.5372
2025/03/18 05:13:27.695, 87, 50, 12288, 4291, 86.53, 8.99, 4953, 31904, 15.5247
2025/03/18 05:13:29.753, 3, 1, 12288, 4291, 44.21, 4.7, 4955, 31904, 15.531
2025/03/18 05:13:31.793, 37, 31, 12288, 4291, 45.45, 10.65, 5047, 31904, 15.8193
2025/03/18 05:13:33.811, 3, 1, 12288, 4291, 44.62, 4.98, 4957, 31904, 15.5372
2025/03/18 05:13:35.846, 0, 0, 12288, 4291, 40.69, 10.19, 5045, 31904, 15.8131
2025/03/18 05:13:37.901, 0, 0, 12288, 4291, 59.97, 5.53, 4951, 31904, 15.5184
2025/03/18 05:13:39.957, 0, 0, 12288, 4291, 41.02, 7, 5049, 31904, 15.8256
2025/03/18 05:13:41.997, 0, 0, 12288, 4291, 89.27, 6.04, 4949, 31904, 15.5122
2025/03/18 05:13:44.029, 1, 0, 12288, 4291, 42.88, 4.04, 4950, 31904, 15.5153
2025/03/18 05:13:46.058, 100, 79, 12288, 4291, 73.42, 9.37, 4942, 31904, 15.4902
2025/03/18 05:13:48.113, 3, 1, 12288, 4291, 44.40, 4.38, 4952, 31904, 15.5216
2025/03/18 05:13:50.194, 2, 1, 12288, 4291, 40.68, 11.27, 5046, 31904, 15.8162
2025/03/18 05:13:52.225, 1, 0, 12288, 4291, 44.62, 5.47, 4953, 31904, 15.5247
2025/03/18 05:13:54.269, 1, 0, 12288, 4291, 40.76, 9.62, 5053, 31904, 15.8381
2025/03/18 05:13:56.337, 0, 0, 12288, 4291, 63.99, 5.37, 4984, 31904, 15.6219
2025/03/18 05:13:58.359, 1, 0, 12288, 4291, 41.31, 4.61, 4941, 31904, 15.4871
2025/03/18 05:14:00.375, 5, 1, 12288, 4291, 88.73, 7.21, 4954, 31904, 15.5278
2025/03/18 05:14:02.409, 3, 1, 12288, 4291, 43.48, 4.28, 4955, 31904, 15.531
2025/03/18 05:14:04.453, 99, 93, 12288, 4291, 61.76, 10.27, 5056, 31904, 15.8475
2025/03/18 05:14:06.482, 3, 1, 12288, 4291, 44.75, 4.63, 4966, 31904, 15.5654
2025/03/18 05:14:08.509, 0, 0, 12288, 4291, 40.71, 12.01, 5052, 31904, 15.835
2025/03/18 05:14:10.561, 0, 0, 12288, 4291, 44.62, 6.11, 4956, 31904, 15.5341
2025/03/18 05:14:12.622, 0, 0, 12288, 4291, 40.78, 7.89, 5056, 31904, 15.8475
2025/03/18 05:14:14.661, 0, 0, 12288, 4291, 83.49, 5.63, 4973, 31904, 15.5874
2025/03/18 05:14:16.690, 0, 0, 12288, 4291, 42.42, 4.05, 4952, 31904, 15.5216
2025/03/18 05:14:18.724, 69, 39, 12288, 4291, 89.35, 7.82, 4955, 31904, 15.531
2025/03/18 05:14:20.774, 5, 1, 12288, 4291, 44.19, 4.92, 4952, 31904, 15.5216
2025/03/18 05:14:22.798, 23, 16, 12288, 4291, 43.50, 10.32, 5048, 31904, 15.8225
2025/03/18 05:14:24.819, 3, 1, 12288, 4291, 44.67, 5.43, 4955, 31904, 15.531
2025/03/18 05:14:26.856, 0, 0, 12288, 4291, 40.81, 10.06, 5053, 31904, 15.8381
2025/03/18 05:14:28.876, 0, 0, 12288, 4291, 61.24, 4.96, 4959, 31904, 15.5435
2025/03/18 05:14:30.910, 0, 0, 12288, 4291, 41.02, 4.73, 4954, 31904, 15.5278
2025/03/18 05:14:32.945, 1, 0, 12288, 4291, 90.18, 7.27, 4999, 31904, 15.6689
2025/03/18 05:14:34.963, 2, 0, 12288, 4291, 42.93, 4.77, 4952, 31904, 15.5216
2025/03/18 05:14:36.997, 100, 88, 12288, 4835, 62.23, 10.33, 5050, 31904, 15.8287
2025/03/18 05:14:39.014, 5, 1, 12288, 4835, 44.61, 4.54, 4953, 31904, 15.5247
2025/03/18 05:14:41.069, 0, 0, 12288, 4835, 40.80, 11.64, 5102, 31904, 15.9917
2025/03/18 05:14:43.102, 0, 0, 12288, 4835, 44.76, 5.21, 4957, 31904, 15.5372
2025/03/18 05:14:45.139, 0, 0, 12288, 4835, 40.88, 7.89, 5114, 31904, 16.0293
2025/03/18 05:14:47.177, 0, 0, 12288, 4835, 84.13, 5.38, 4949, 31904, 15.5122
2025/03/18 05:14:49.237, 0, 0, 12288, 4835, 41.85, 4.53, 4950, 31904, 15.5153
2025/03/18 05:14:51.265, 88, 52, 12288, 4835, 88.72, 8.44, 4995, 31904, 15.6563
2025/03/18 05:14:53.294, 3, 1, 12288, 4835, 44.47, 4.86, 4957, 31904, 15.5372
2025/03/18 05:14:55.345, 45, 39, 12288, 4835, 46.17, 10.43, 5046, 31904, 15.8162
2025/03/18 05:14:57.374, 3, 1, 12288, 4835, 44.65, 5.92, 4947, 31904, 15.5059
2025/03/18 05:14:59.427, 0, 0, 12288, 4835, 40.69, 10.5, 5106, 31904, 16.0043
2025/03/18 05:15:01.473, 1, 0, 12288, 4833, 59.11, 5.39, 5014, 31904, 15.7159
2025/03/18 05:15:03.514, 0, 0, 12288, 4833, 40.92, 6.66, 5050, 31904, 15.8287
2025/03/18 05:15:05.535, 1, 0, 12288, 4833, 89.76, 6.38, 4944, 31904, 15.4965
2025/03/18 05:15:07.562, 1, 0, 12288, 4833, 42.93, 4.53, 4951, 31904, 15.5184
2025/03/18 05:15:09.594, 99, 74, 12288, 4833, 68.66, 10.02, 4955, 31904, 15.531
