timestamp,utilization.gpu [%],utilization.memory [%],memory.total [MiB],memory.used [MiB],power.draw [W],cpu_usage [%],memory_used [MiB],memory_total [MiB],memory_utilization [%]
2025/03/18 02:53:40.926, 20, 12, 12288, 311, 16.36, 10.08, 2220, 31904, 6.95838
2025/03/18 02:53:42.986, 2, 7, 12288, 311, 16.01, 4.85, 2223, 31904, 6.96778
2025/03/18 02:53:45.054, 6, 1, 12288, 311, 40.25, 3.86, 2245, 31904, 7.03674
2025/03/18 02:53:47.093, 5, 4, 12288, 313, 17.52, 9.03, 2471, 31904, 7.74511
2025/03/18 02:53:49.129, 11, 9, 12288, 336, 16.28, 8.81, 2488, 31904, 7.7984
2025/03/18 02:53:51.165, 0, 6, 12288, 336, 15.88, 8.51, 2530, 31904, 7.93004
2025/03/18 02:53:53.206, 7, 7, 12288, 334, 16.15, 0.17, 2572, 31904, 8.06169
2025/03/18 02:53:55.261, 20, 14, 12288, 334, 16.05, 8.01, 3496, 31904, 10.9579
2025/03/18 02:53:57.325, 2, 0, 12288, 666, 39.56, 5.8, 3508, 31904, 10.9955
2025/03/18 02:53:59.409, 0, 0, 12288, 657, 39.45, 2.51, 3541, 31904, 11.0989
2025/03/18 02:54:01.477, 3, 0, 12288, 657, 39.56, 3.46, 3549, 31904, 11.124
2025/03/18 02:54:03.541, 3, 0, 12288, 657, 39.73, 2.77, 3566, 31904, 11.1773
2025/03/18 02:54:05.609, 0, 0, 12288, 657, 39.51, 6.07, 3577, 31904, 11.2118
2025/03/18 02:54:07.669, 0, 0, 12288, 657, 39.27, 4.22, 3583, 31904, 11.2306
2025/03/18 02:54:09.752, 3, 1, 12288, 645, 39.64, 3.78, 3581, 31904, 11.2243
2025/03/18 02:54:11.833, 0, 0, 12288, 645, 39.34, 4.26, 3584, 31904, 11.2337
2025/03/18 02:54:13.894, 2, 7, 12288, 645, 16.43, 2.77, 3584, 31904, 11.2337
2025/03/18 02:54:15.961, 0, 6, 12288, 645, 15.88, 2.96, 3586, 31904, 11.24
2025/03/18 02:54:18.022, 1, 7, 12288, 645, 16.02, 3.7, 3587, 31904, 11.2431
2025/03/18 02:54:20.089, 19, 11, 12288, 645, 16.12, 3.62, 3583, 31904, 11.2306
2025/03/18 02:54:22.177, 17, 9, 12288, 645, 15.93, 3.69, 3591, 31904, 11.2556
2025/03/18 02:54:24.265, 17, 9, 12288, 645, 16.07, 2.36, 3591, 31904, 11.2556
2025/03/18 02:54:26.353, 11, 8, 12288, 635, 16.06, 3.61, 3601, 31904, 11.287
2025/03/18 02:54:28.422, 7, 8, 12288, 635, 16.07, 4.86, 3589, 31904, 11.2494
2025/03/18 02:54:30.461, 35, 19, 12288, 2363, 85.87, 3.79, 3600, 31904, 11.2839
2025/03/18 02:54:32.514, 0, 0, 12288, 2363, 42.32, 2.61, 3602, 31904, 11.2901
2025/03/18 02:54:34.585, 100, 55, 12288, 2545, 78.61, 6.2, 3611, 31904, 11.3183
2025/03/18 02:54:36.642, 0, 0, 12288, 2545, 43.19, 2.76, 3625, 31904, 11.3622
2025/03/18 02:54:38.693, 86, 80, 12288, 2545, 52.36, 8.43, 3650, 31904, 11.4406
2025/03/18 02:54:40.745, 3, 1, 12288, 2545, 43.98, 3.2, 3653, 31904, 11.45
2025/03/18 02:54:42.798, 0, 0, 12288, 2545, 40.12, 12.09, 3743, 31904, 11.7321
2025/03/18 02:54:44.849, 0, 0, 12288, 2905, 44.11, 4.02, 3677, 31904, 11.5252
2025/03/18 02:54:46.910, 0, 0, 12288, 2905, 40.30, 10.89, 3745, 31904, 11.7383
2025/03/18 02:54:48.965, 0, 0, 12288, 2905, 65.30, 3.69, 3682, 31904, 11.5409
2025/03/18 02:54:51.026, 0, 0, 12288, 2905, 39.68, 9.8, 3747, 31904, 11.7446
2025/03/18 02:54:53.065, 0, 0, 12288, 2905, 91.28, 3.1, 3676, 31904, 11.5221
2025/03/18 02:54:55.157, 3, 0, 12288, 2905, 41.23, 2.44, 3681, 31904, 11.5377
2025/03/18 02:54:57.209, 51, 29, 12288, 2905, 90.05, 5.11, 3675, 31904, 11.5189
2025/03/18 02:54:59.273, 4, 0, 12288, 2905, 43.52, 2.44, 3686, 31904, 11.5534
2025/03/18 02:55:01.325, 100, 67, 12288, 2887, 65.37, 8.26, 3680, 31904, 11.5346
2025/03/18 02:55:03.389, 4, 1, 12288, 2887, 44.44, 2.95, 3691, 31904, 11.5691
2025/03/18 02:55:05.462, 0, 0, 12288, 2887, 39.87, 9.68, 3744, 31904, 11.7352
2025/03/18 02:55:07.513, 3, 1, 12288, 2887, 44.86, 3.54, 3675, 31904, 11.5189
2025/03/18 02:55:09.573, 0, 0, 12288, 2887, 39.91, 11.17, 3760, 31904, 11.7854
2025/03/18 02:55:11.617, 0, 0, 12288, 2887, 54.05, 3.37, 3689, 31904, 11.5628
2025/03/18 02:55:13.697, 0, 0, 12288, 2887, 40.17, 8.66, 3762, 31904, 11.7916
2025/03/18 02:55:15.737, 0, 0, 12288, 2887, 93.32, 3.85, 3689, 31904, 11.5628
2025/03/18 02:55:17.825, 0, 0, 12288, 2887, 41.40, 2.19, 3696, 31904, 11.5848
2025/03/18 02:55:19.873, 91, 52, 12288, 2887, 91.94, 5.44, 3689, 31904, 11.5628
2025/03/18 02:55:21.926, 3, 0, 12288, 2887, 43.89, 2.61, 3693, 31904, 11.5754
2025/03/18 02:55:23.977, 96, 84, 12288, 2887, 63.59, 8.5, 3695, 31904, 11.5816
2025/03/18 02:55:26.025, 3, 0, 12288, 2887, 45.29, 4.77, 3698, 31904, 11.591
2025/03/18 02:55:28.078, 1, 1, 12288, 2887, 40.99, 12.6, 3758, 31904, 11.7791
2025/03/18 02:55:30.125, 0, 0, 12288, 2887, 45.31, 3.29, 3697, 31904, 11.5879
2025/03/18 02:55:32.189, 0, 0, 12288, 2887, 41.22, 9.91, 3761, 31904, 11.7885
2025/03/18 02:55:34.241, 0, 0, 12288, 2887, 71.76, 3.69, 3693, 31904, 11.5754
2025/03/18 02:55:36.301, 0, 0, 12288, 2887, 41.93, 6.09, 3837, 31904, 12.0267
2025/03/18 02:55:38.341, 1, 0, 12288, 2887, 94.02, 4.19, 3705, 31904, 11.613
2025/03/18 02:55:40.401, 1, 0, 12288, 2887, 43.14, 2.19, 3704, 31904, 11.6098
2025/03/18 02:55:42.449, 99, 56, 12288, 2887, 86.39, 6.93, 3703, 31904, 11.6067
2025/03/18 02:55:44.509, 3, 0, 12288, 2887, 44.79, 2.28, 3704, 31904, 11.6098
2025/03/18 02:55:46.562, 15, 9, 12288, 2887, 42.48, 9.02, 3774, 31904, 11.8292
2025/03/18 02:55:48.617, 3, 1, 12288, 2887, 45.43, 3.2, 3707, 31904, 11.6192
2025/03/18 02:55:50.705, 0, 0, 12288, 2887, 40.69, 12.64, 3771, 31904, 11.8198
2025/03/18 02:55:52.750, 0, 0, 12288, 2887, 45.39, 3.88, 3714, 31904, 11.6412
2025/03/18 02:55:54.829, 0, 0, 12288, 2887, 40.67, 9.4, 3765, 31904, 11.801
2025/03/18 02:55:56.869, 0, 0, 12288, 2887, 81.07, 3.28, 3703, 31904, 11.6067
2025/03/18 02:55:58.945, 0, 0, 12288, 2887, 41.21, 2.61, 3712, 31904, 11.6349
2025/03/18 02:56:00.985, 3, 1, 12288, 2887, 91.87, 4.79, 3701, 31904, 11.6004
2025/03/18 02:56:03.054, 3, 0, 12288, 2887, 43.25, 2.85, 3713, 31904, 11.638
2025/03/18 02:56:05.102, 99, 58, 12288, 2887, 73.46, 7.85, 3700, 31904, 11.5973
2025/03/18 02:56:07.169, 3, 0, 12288, 2887, 44.71, 3.26, 3712, 31904, 11.6349
2025/03/18 02:56:09.222, 1, 1, 12288, 2887, 40.29, 10.36, 3773, 31904, 11.8261
2025/03/18 02:56:11.301, 3, 0, 12288, 2887, 44.92, 3.86, 3710, 31904, 11.6286
2025/03/18 02:56:13.382, 0, 0, 12288, 2887, 40.17, 11.61, 3785, 31904, 11.8637
2025/03/18 02:56:15.437, 0, 0, 12288, 2887, 53.35, 4.51, 3720, 31904, 11.66
2025/03/18 02:56:17.521, 0, 0, 12288, 2887, 40.24, 8.75, 3790, 31904, 11.8794
2025/03/18 02:56:19.561, 0, 0, 12288, 2887, 86.80, 3.68, 3715, 31904, 11.6443
2025/03/18 02:56:21.625, 2, 0, 12288, 2887, 41.10, 3.77, 3722, 31904, 11.6662
2025/03/18 02:56:23.677, 0, 0, 12288, 2887, 90.39, 4.95, 3709, 31904, 11.6255
2025/03/18 02:56:25.745, 3, 0, 12288, 2887, 43.26, 2.76, 3708, 31904, 11.6224
2025/03/18 02:56:27.797, 100, 81, 12288, 2887, 66.95, 7.92, 3703, 31904, 11.6067
2025/03/18 02:56:29.857, 3, 0, 12288, 2887, 44.82, 3.27, 3710, 31904, 11.6286
2025/03/18 02:56:31.930, 3, 1, 12288, 2887, 39.86, 9.69, 3780, 31904, 11.848
2025/03/18 02:56:33.993, 1, 0, 12288, 2887, 44.69, 2.71, 3715, 31904, 11.6443
2025/03/18 02:56:36.053, 0, 0, 12288, 2887, 39.77, 11.13, 3775, 31904, 11.8324
2025/03/18 02:56:38.121, 0, 0, 12288, 2887, 54.95, 5.84, 3709, 31904, 11.6255
2025/03/18 02:56:40.209, 0, 0, 12288, 2887, 39.83, 9.14, 3779, 31904, 11.8449
2025/03/18 02:56:42.249, 0, 0, 12288, 2887, 85.58, 4.01, 3707, 31904, 11.6192
2025/03/18 02:56:44.326, 0, 0, 12288, 2887, 41.22, 2.19, 3720, 31904, 11.66
2025/03/18 02:56:46.398, 42, 23, 12288, 2887, 89.90, 5.67, 3711, 31904, 11.6318
2025/03/18 02:56:48.473, 2, 0, 12288, 2887, 42.98, 2.52, 3717, 31904, 11.6506
2025/03/18 02:56:50.525, 100, 67, 12288, 2887, 64.99, 8.3, 3711, 31904, 11.6318
2025/03/18 02:56:52.609, 3, 1, 12288, 2887, 44.25, 3.26, 3715, 31904, 11.6443
2025/03/18 02:56:54.685, 4, 1, 12288, 2887, 39.71, 8.6, 3780, 31904, 11.848
2025/03/18 02:56:56.745, 2, 1, 12288, 2887, 44.55, 3.68, 3722, 31904, 11.6662
2025/03/18 02:56:58.805, 0, 0, 12288, 2887, 39.65, 12.24, 3794, 31904, 11.8919
2025/03/18 02:57:00.860, 0, 0, 12288, 2887, 44.67, 3.54, 3734, 31904, 11.7039
2025/03/18 02:57:02.917, 0, 0, 12288, 2887, 39.69, 8.92, 3793, 31904, 11.8888
2025/03/18 02:57:04.957, 0, 0, 12288, 2887, 87.92, 3.43, 3727, 31904, 11.6819
2025/03/18 02:57:07.025, 0, 0, 12288, 2887, 40.72, 2.52, 3729, 31904, 11.6882
2025/03/18 02:57:09.077, 2, 0, 12288, 2887, 90.58, 5.29, 3720, 31904, 11.66
2025/03/18 02:57:11.141, 3, 0, 12288, 2887, 42.52, 2.35, 3734, 31904, 11.7039
2025/03/18 02:57:13.193, 94, 83, 12288, 2887, 61.68, 8.01, 3727, 31904, 11.6819
2025/03/18 02:57:15.249, 2, 0, 12288, 2887, 44.47, 3.11, 3731, 31904, 11.6945
2025/03/18 02:57:17.334, 2, 1, 12288, 2887, 39.65, 9.53, 3789, 31904, 11.8763
2025/03/18 02:57:19.398, 1, 0, 12288, 2887, 44.39, 4.01, 3723, 31904, 11.6694
2025/03/18 02:57:21.461, 0, 0, 12288, 2887, 39.59, 12.23, 3799, 31904, 11.9076
2025/03/18 02:57:23.505, 0, 0, 12288, 2887, 57.24, 3.53, 3738, 31904, 11.7164
2025/03/18 02:57:25.561, 0, 0, 12288, 2887, 39.66, 8.85, 3797, 31904, 11.9013
2025/03/18 02:57:27.601, 0, 0, 12288, 2887, 91.96, 3.36, 3733, 31904, 11.7007
2025/03/18 02:57:29.689, 0, 0, 12288, 2887, 41.04, 2.6, 3738, 31904, 11.7164
2025/03/18 02:57:31.742, 51, 29, 12288, 2887, 85.85, 5.36, 3724, 31904, 11.6725
2025/03/18 02:57:33.801, 3, 0, 12288, 2887, 43.26, 2.36, 3735, 31904, 11.707
2025/03/18 02:57:35.854, 100, 72, 12288, 2887, 62.43, 8.33, 3727, 31904, 11.6819
2025/03/18 02:57:37.917, 2, 1, 12288, 2887, 44.56, 4.48, 3736, 31904, 11.7101
2025/03/18 02:57:39.991, 2, 1, 12288, 2887, 39.90, 11.72, 3799, 31904, 11.9076
2025/03/18 02:57:42.061, 2, 1, 12288, 2887, 44.63, 5.28, 3736, 31904, 11.7101
2025/03/18 02:57:44.129, 2, 1, 12288, 2887, 39.92, 12.1, 3796, 31904, 11.8982
2025/03/18 02:57:46.186, 2, 1, 12288, 2887, 62.96, 4.56, 3729, 31904, 11.6882
2025/03/18 02:57:48.273, 2, 1, 12288, 2887, 39.95, 9.21, 3799, 31904, 11.9076
2025/03/18 02:57:50.314, 2, 1, 12288, 2887, 91.68, 5.38, 3729, 31904, 11.6882
2025/03/18 02:57:52.401, 2, 1, 12288, 2887, 41.65, 5.19, 3734, 31904, 11.7039
2025/03/18 02:57:54.454, 59, 34, 12288, 2887, 89.61, 7.37, 3723, 31904, 11.6694
2025/03/18 02:57:56.509, 2, 1, 12288, 2887, 43.81, 5.46, 3732, 31904, 11.6976
2025/03/18 02:57:58.561, 13, 9, 12288, 2887, 48.16, 9.26, 3796, 31904, 11.8982
2025/03/18 02:58:00.613, 2, 1, 12288, 2887, 44.61, 5.77, 3731, 31904, 11.6945
2025/03/18 02:58:02.705, 2, 1, 12288, 2887, 39.88, 13.39, 3795, 31904, 11.8951
2025/03/18 02:58:04.777, 2, 1, 12288, 2887, 44.66, 5.11, 3735, 31904, 11.707
2025/03/18 02:58:06.865, 2, 1, 12288, 2887, 39.90, 11.87, 3791, 31904, 11.8825
2025/03/18 02:58:08.937, 2, 1, 12288, 2887, 69.95, 4.82, 3737, 31904, 11.7133
2025/03/18 02:58:11.005, 2, 1, 12288, 2887, 39.96, 6.96, 3786, 31904, 11.8669
2025/03/18 02:58:13.046, 2, 1, 12288, 2887, 91.76, 6.06, 3722, 31904, 11.6662
2025/03/18 02:58:15.135, 2, 1, 12288, 2887, 41.66, 5.14, 3730, 31904, 11.6913
2025/03/18 02:58:17.213, 80, 46, 12288, 2887, 90.01, 7.71, 3720, 31904, 11.66
2025/03/18 02:58:19.289, 2, 1, 12288, 2887, 43.76, 4.89, 3740, 31904, 11.7227
2025/03/18 02:58:21.345, 5, 1, 12288, 2887, 47.13, 8.7, 3790, 31904, 11.8794
2025/03/18 02:58:23.413, 2, 1, 12288, 2887, 44.57, 5.21, 3730, 31904, 11.6913
2025/03/18 02:58:25.500, 2, 1, 12288, 2887, 39.88, 12.93, 3797, 31904, 11.9013
2025/03/18 02:58:27.577, 2, 1, 12288, 2887, 44.67, 4.65, 3729, 31904, 11.6882
2025/03/18 02:58:29.657, 2, 1, 12288, 2887, 39.85, 11.1, 3793, 31904, 11.8888
2025/03/18 02:58:31.709, 1, 1, 12288, 2887, 70.75, 4.82, 3725, 31904, 11.6757
2025/03/18 02:58:33.777, 2, 1, 12288, 2887, 39.94, 6.07, 3738, 31904, 11.7164
2025/03/18 02:58:35.817, 2, 1, 12288, 2887, 91.42, 5.81, 3732, 31904, 11.6976
2025/03/18 02:58:37.881, 2, 1, 12288, 2887, 42.04, 4.8, 3736, 31904, 11.7101
2025/03/18 02:58:39.938, 99, 58, 12288, 2887, 84.91, 8.01, 3730, 31904, 11.6913
2025/03/18 02:58:42.000, 2, 1, 12288, 2887, 44.03, 4.73, 3740, 31904, 11.7227
2025/03/18 02:58:44.049, 3, 1, 12288, 2887, 39.81, 8.86, 3793, 31904, 11.8888
2025/03/18 02:58:46.121, 2, 1, 12288, 2887, 44.51, 5.36, 3738, 31904, 11.7164
2025/03/18 02:58:48.190, 2, 1, 12288, 2887, 39.86, 13.35, 3801, 31904, 11.9139
2025/03/18 02:58:50.261, 2, 1, 12288, 2887, 44.70, 4.81, 3738, 31904, 11.7164
2025/03/18 02:58:52.353, 2, 1, 12288, 2887, 39.91, 11.11, 3805, 31904, 11.9264
2025/03/18 02:58:54.394, 2, 1, 12288, 2887, 86.51, 5.21, 3740, 31904, 11.7227
2025/03/18 02:58:56.457, 2, 1, 12288, 2887, 40.35, 5.05, 3745, 31904, 11.7383
2025/03/18 02:58:58.509, 12, 7, 12288, 2887, 91.64, 6.8, 3732, 31904, 11.6976
2025/03/18 02:59:00.593, 2, 1, 12288, 2887, 42.46, 5.06, 3746, 31904, 11.7415
2025/03/18 02:59:02.665, 99, 61, 12288, 2887, 70.74, 9.2, 3739, 31904, 11.7195
2025/03/18 02:59:04.729, 2, 1, 12288, 2887, 43.98, 4.89, 3737, 31904, 11.7133
2025/03/18 02:59:06.806, 2, 1, 12288, 2887, 39.87, 9.85, 3794, 31904, 11.8919
2025/03/18 02:59:08.857, 2, 1, 12288, 2887, 44.50, 5.25, 3737, 31904, 11.7133
2025/03/18 02:59:10.945, 2, 1, 12288, 2887, 39.87, 11.98, 3803, 31904, 11.9201
2025/03/18 02:59:13.013, 2, 1, 12288, 2887, 45.25, 5.21, 3743, 31904, 11.7321
2025/03/18 02:59:15.082, 2, 1, 12288, 2887, 39.82, 11.05, 3804, 31904, 11.9233
2025/03/18 02:59:17.121, 1, 1, 12288, 2887, 91.66, 5.55, 3737, 31904, 11.7133
2025/03/18 02:59:19.204, 2, 1, 12288, 2887, 41.14, 4.97, 3746, 31904, 11.7415
2025/03/18 02:59:21.258, 52, 30, 12288, 2887, 89.48, 7.12, 3743, 31904, 11.7321
2025/03/18 02:59:23.341, 2, 1, 12288, 2887, 43.21, 5.05, 3745, 31904, 11.7383
2025/03/18 02:59:25.390, 100, 79, 12288, 2887, 57.91, 8.7, 3798, 31904, 11.9045
2025/03/18 02:59:27.449, 2, 1, 12288, 2887, 44.53, 5.29, 3742, 31904, 11.7289
2025/03/18 02:59:29.510, 2, 1, 12288, 2887, 39.87, 12.51, 3800, 31904, 11.9107
2025/03/18 02:59:31.561, 2, 1, 12288, 2887, 44.62, 5.05, 3737, 31904, 11.7133
2025/03/18 02:59:33.629, 2, 1, 12288, 2887, 39.83, 10.96, 3796, 31904, 11.8982
2025/03/18 02:59:35.681, 2, 1, 12288, 2887, 77.64, 4.74, 3731, 31904, 11.6945
2025/03/18 02:59:37.753, 2, 1, 12288, 2887, 39.95, 8.89, 3851, 31904, 12.0706
2025/03/18 02:59:39.802, 2, 1, 12288, 2887, 91.89, 5.7, 3743, 31904, 11.7321
2025/03/18 02:59:41.881, 0, 0, 12288, 2887, 41.70, 3.21, 3736, 31904, 11.7101
2025/03/18 02:59:43.933, 99, 55, 12288, 2887, 66.86, 6.95, 3730, 31904, 11.6913
2025/03/18 02:59:46.017, 3, 0, 12288, 2887, 43.46, 4.19, 3730, 31904, 11.6913
2025/03/18 02:59:48.069, 36, 31, 12288, 2887, 43.97, 9.01, 3795, 31904, 11.8951
2025/03/18 02:59:50.145, 3, 0, 12288, 2887, 44.32, 4.29, 3736, 31904, 11.7101
2025/03/18 02:59:52.213, 0, 0, 12288, 2887, 39.54, 13.13, 3798, 31904, 11.9045
2025/03/18 02:59:54.265, 0, 0, 12288, 2887, 44.28, 4.56, 3732, 31904, 11.6976
2025/03/18 02:59:56.322, 0, 0, 12288, 2887, 39.55, 10.19, 3795, 31904, 11.8951
2025/03/18 02:59:58.393, 0, 0, 12288, 2887, 74.13, 3.81, 3732, 31904, 11.6976
2025/03/18 03:00:00.461, 0, 0, 12288, 2887, 40.14, 5.44, 3752, 31904, 11.7603
2025/03/18 03:00:02.521, 2, 0, 12288, 2884, 90.92, 4.65, 3732, 31904, 11.6976
2025/03/18 03:00:04.605, 0, 0, 12288, 2884, 41.88, 3.04, 3739, 31904, 11.7195
2025/03/18 03:00:06.658, 99, 55, 12288, 2884, 85.55, 6.87, 3726, 31904, 11.6788
2025/03/18 03:00:08.745, 3, 0, 12288, 2884, 43.03, 3.94, 3738, 31904, 11.7164
2025/03/18 03:00:10.817, 78, 71, 12288, 2884, 49.91, 8.87, 3795, 31904, 11.8951
2025/03/18 03:00:12.869, 3, 0, 12288, 2884, 44.10, 4.54, 3742, 31904, 11.7289
2025/03/18 03:00:14.949, 0, 0, 12288, 2884, 39.67, 11.59, 3805, 31904, 11.9264
2025/03/18 03:00:17.021, 0, 0, 12288, 2884, 44.14, 3.69, 3745, 31904, 11.7383
2025/03/18 03:00:19.113, 0, 0, 12288, 2884, 39.61, 11.23, 3806, 31904, 11.9295
2025/03/18 03:00:21.169, 0, 0, 12288, 2884, 54.17, 3.36, 3737, 31904, 11.7133
2025/03/18 03:00:23.230, 0, 0, 12288, 2884, 39.53, 8.63, 3805, 31904, 11.9264
2025/03/18 03:00:25.289, 0, 0, 12288, 2884, 88.75, 3.11, 3737, 31904, 11.7133
2025/03/18 03:00:27.357, 0, 0, 12288, 2884, 41.40, 2.53, 3747, 31904, 11.7446
2025/03/18 03:00:29.410, 7, 3, 12288, 2884, 90.96, 5.21, 3728, 31904, 11.6851
2025/03/18 03:00:31.477, 4, 0, 12288, 2884, 42.38, 2.85, 3734, 31904, 11.7039
2025/03/18 03:00:33.529, 100, 85, 12288, 2884, 64.87, 7.37, 3729, 31904, 11.6882
2025/03/18 03:00:35.593, 3, 0, 12288, 2884, 44.25, 2.95, 3740, 31904, 11.7227
2025/03/18 03:00:37.669, 3, 1, 12288, 2884, 40.94, 8.59, 3795, 31904, 11.8951
2025/03/18 03:00:39.733, 2, 0, 12288, 2884, 44.28, 3.46, 3738, 31904, 11.7164
2025/03/18 03:00:41.798, 0, 0, 12288, 2884, 39.49, 12.2, 3804, 31904, 11.9233
2025/03/18 03:00:43.850, 0, 0, 12288, 2884, 45.76, 3.95, 3739, 31904, 11.7195
2025/03/18 03:00:45.910, 0, 0, 12288, 2884, 39.55, 9.32, 3812, 31904, 11.9483
2025/03/18 03:00:47.965, 0, 0, 12288, 2884, 77.47, 3.36, 3748, 31904, 11.7477
2025/03/18 03:00:50.033, 3, 0, 12288, 2884, 40.64, 4.87, 3743, 31904, 11.7321
2025/03/18 03:00:52.074, 3, 1, 12288, 2897, 89.83, 4.79, 3744, 31904, 11.7352
2025/03/18 03:00:54.153, 0, 0, 12288, 2897, 44.26, 2.35, 3749, 31904, 11.7509
2025/03/18 03:00:56.205, 99, 58, 12288, 2897, 68.01, 6.12, 3735, 31904, 11.707
2025/03/18 03:00:58.285, 0, 0, 12288, 2897, 44.23, 2.27, 3744, 31904, 11.7352
2025/03/18 03:01:00.333, 13, 11, 12288, 2897, 46.51, 8.42, 3734, 31904, 11.7039
2025/03/18 03:01:02.381, 0, 0, 12288, 2897, 64.86, 2.27, 3744, 31904, 11.7352
2025/03/18 03:01:04.434, 0, 0, 12288, 2897, 39.42, 11.34, 3805, 31904, 11.9264
2025/03/18 03:01:06.478, 0, 0, 12288, 2897, 61.56, 2.51, 3739, 31904, 11.7195
2025/03/18 03:01:08.537, 0, 0, 12288, 2897, 41.51, 10.06, 3806, 31904, 11.9295
2025/03/18 03:01:10.590, 0, 0, 12288, 2897, 59.51, 2.92, 3732, 31904, 11.6976
2025/03/18 03:01:12.657, 2, 0, 12288, 2897, 39.60, 9.45, 3807, 31904, 11.9327
2025/03/18 03:01:14.697, 0, 0, 12288, 2887, 90.94, 3.02, 3739, 31904, 11.7195
2025/03/18 03:01:16.753, 0, 0, 12288, 2887, 43.69, 2.44, 3743, 31904, 11.7321
2025/03/18 03:01:18.805, 2, 2, 12288, 2887, 72.16, 5.1, 3742, 31904, 11.7289
2025/03/18 03:01:20.857, 0, 0, 12288, 2887, 43.28, 2.6, 3754, 31904, 11.7665
2025/03/18 03:01:22.909, 100, 88, 12288, 2887, 61.28, 7.26, 3745, 31904, 11.7383
2025/03/18 03:01:24.969, 0, 0, 12288, 2887, 44.16, 2.52, 3716, 31904, 11.6474
2025/03/18 03:01:27.041, 0, 0, 12288, 2887, 39.45, 8.34, 3775, 31904, 11.8324
2025/03/18 03:01:29.110, 0, 0, 12288, 2887, 64.42, 2.36, 3715, 31904, 11.6443
2025/03/18 03:01:31.177, 0, 0, 12288, 2887, 41.55, 11.32, 3780, 31904, 11.848
2025/03/18 03:01:33.242, 0, 0, 12288, 2887, 44.38, 2.52, 3718, 31904, 11.6537
2025/03/18 03:01:35.302, 0, 0, 12288, 2887, 39.87, 9.55, 3784, 31904, 11.8606
2025/03/18 03:01:37.349, 0, 0, 12288, 2887, 73.81, 1.77, 3717, 31904, 11.6506
2025/03/18 03:01:39.429, 0, 0, 12288, 2887, 43.69, 5.79, 3841, 31904, 12.0392
2025/03/18 03:01:41.473, 0, 0, 12288, 2887, 89.67, 3.78, 3713, 31904, 11.638
2025/03/18 03:01:43.534, 0, 0, 12288, 2887, 43.26, 2.52, 3719, 31904, 11.6568
2025/03/18 03:01:45.585, 78, 45, 12288, 2887, 73.62, 6.03, 3716, 31904, 11.6474
2025/03/18 03:01:47.645, 0, 0, 12288, 2887, 43.06, 2.68, 3720, 31904, 11.66
2025/03/18 03:01:49.697, 18, 17, 12288, 2887, 46.04, 8.49, 3784, 31904, 11.8606
2025/03/18 03:01:51.745, 0, 0, 12288, 2887, 63.40, 2.61, 3719, 31904, 11.6568
2025/03/18 03:01:53.810, 0, 0, 12288, 2887, 41.23, 12.09, 3781, 31904, 11.8512
2025/03/18 03:01:55.881, 0, 0, 12288, 2887, 64.87, 2.27, 3715, 31904, 11.6443
2025/03/18 03:01:57.965, 0, 0, 12288, 2887, 41.47, 10.14, 3782, 31904, 11.8543
2025/03/18 03:02:00.014, 0, 0, 12288, 2887, 64.78, 2.37, 3715, 31904, 11.6443
2025/03/18 03:02:02.093, 0, 0, 12288, 2887, 39.40, 8.14, 3781, 31904, 11.8512
2025/03/18 03:02:04.133, 0, 0, 12288, 2887, 91.05, 3.19, 3711, 31904, 11.6318
2025/03/18 03:02:06.193, 0, 0, 12288, 2887, 43.71, 1.94, 3719, 31904, 11.6568
2025/03/18 03:02:08.245, 50, 29, 12288, 2887, 69.63, 4.96, 3706, 31904, 11.6161
2025/03/18 03:02:10.313, 0, 0, 12288, 2887, 44.18, 2.35, 3712, 31904, 11.6349
2025/03/18 03:02:12.385, 99, 68, 12288, 2887, 55.88, 7.79, 3709, 31904, 11.6255
2025/03/18 03:02:14.469, 0, 0, 12288, 2887, 43.71, 2.6, 3716, 31904, 11.6474
2025/03/18 03:02:16.545, 8, 6, 12288, 2887, 40.48, 8.33, 3787, 31904, 11.87
2025/03/18 03:02:18.590, 0, 0, 12288, 2887, 65.36, 2.51, 3724, 31904, 11.6725
2025/03/18 03:02:20.650, 0, 0, 12288, 2887, 41.78, 11.38, 3783, 31904, 11.8574
2025/03/18 03:02:22.698, 0, 0, 12288, 2887, 65.18, 2.68, 3720, 31904, 11.66
2025/03/18 03:02:24.758, 0, 0, 12288, 2887, 42.31, 8.89, 3775, 31904, 11.8324
2025/03/18 03:02:26.821, 0, 0, 12288, 2887, 82.61, 2.51, 3707, 31904, 11.6192
2025/03/18 03:02:28.907, 0, 0, 12288, 2887, 44.11, 3.46, 3715, 31904, 11.6443
2025/03/18 03:02:30.945, 0, 0, 12288, 2887, 67.53, 4.5, 3713, 31904, 11.638
2025/03/18 03:02:33.002, 0, 0, 12288, 2887, 43.68, 2.27, 3721, 31904, 11.6631
2025/03/18 03:02:35.053, 100, 58, 12288, 2887, 72.43, 6.03, 3707, 31904, 11.6192
2025/03/18 03:02:37.129, 0, 0, 12288, 2887, 43.25, 2.27, 3714, 31904, 11.6412
2025/03/18 03:02:39.181, 66, 64, 12288, 2887, 48.77, 8.49, 3777, 31904, 11.8386
2025/03/18 03:02:41.229, 0, 0, 12288, 2887, 63.46, 2.11, 3719, 31904, 11.6568
2025/03/18 03:02:43.290, 0, 0, 12288, 2887, 41.53, 12.23, 3782, 31904, 11.8543
2025/03/18 03:02:45.333, 0, 0, 12288, 2887, 44.32, 2.76, 3718, 31904, 11.6537
2025/03/18 03:02:47.414, 0, 0, 12288, 2887, 41.01, 10.52, 3784, 31904, 11.8606
2025/03/18 03:02:49.462, 0, 0, 12288, 2887, 63.90, 2.19, 3713, 31904, 11.638
2025/03/18 03:02:51.544, 0, 0, 12288, 2887, 41.48, 8.27, 3779, 31904, 11.8449
2025/03/18 03:02:53.601, 0, 0, 12288, 2887, 89.61, 2.77, 3710, 31904, 11.6286
2025/03/18 03:02:55.673, 0, 0, 12288, 2887, 43.27, 2.6, 3708, 31904, 11.6224
2025/03/18 03:02:57.725, 0, 0, 12288, 2887, 70.25, 5.1, 3708, 31904, 11.6224
2025/03/18 03:02:59.782, 0, 0, 12288, 2887, 42.74, 2.45, 3713, 31904, 11.638
2025/03/18 03:03:01.853, 100, 79, 12288, 2887, 69.09, 7.26, 3711, 31904, 11.6318
2025/03/18 03:03:03.913, 0, 0, 12288, 2887, 43.28, 2.36, 3707, 31904, 11.6192
2025/03/18 03:03:05.989, 0, 0, 12288, 2887, 39.37, 8.42, 3780, 31904, 11.848
2025/03/18 03:03:08.030, 0, 0, 12288, 2887, 62.15, 2.77, 3716, 31904, 11.6474
2025/03/18 03:03:10.089, 0, 0, 12288, 2887, 41.47, 11.35, 3780, 31904, 11.848
2025/03/18 03:03:12.145, 0, 0, 12288, 2887, 61.37, 2.76, 3716, 31904, 11.6474
2025/03/18 03:03:14.229, 0, 0, 12288, 2887, 39.37, 9.19, 3781, 31904, 11.8512
2025/03/18 03:03:16.293, 0, 0, 12288, 2887, 80.57, 3.01, 3713, 31904, 11.638
2025/03/18 03:03:18.353, 0, 0, 12288, 2887, 43.57, 4.21, 3779, 31904, 11.8449
2025/03/18 03:03:20.393, 0, 0, 12288, 2887, 68.05, 4.17, 3716, 31904, 11.6474
2025/03/18 03:03:22.446, 0, 0, 12288, 2887, 41.90, 2.52, 3720, 31904, 11.66
2025/03/18 03:03:24.497, 99, 58, 12288, 2887, 81.35, 6.03, 3713, 31904, 11.638
2025/03/18 03:03:26.580, 0, 0, 12288, 2887, 43.62, 2.6, 3723, 31904, 11.6694
2025/03/18 03:03:28.629, 40, 39, 12288, 2887, 52.01, 8.5, 3780, 31904, 11.848
2025/03/18 03:03:30.677, 0, 0, 12288, 2887, 58.68, 2.51, 3715, 31904, 11.6443
2025/03/18 03:03:32.734, 0, 0, 12288, 2887, 41.28, 12.44, 3777, 31904, 11.8386
2025/03/18 03:03:34.777, 0, 0, 12288, 2887, 44.31, 2.52, 3713, 31904, 11.638
2025/03/18 03:03:36.838, 0, 0, 12288, 2887, 39.40, 10.21, 3782, 31904, 11.8543
2025/03/18 03:03:38.893, 0, 0, 12288, 2887, 68.40, 2.52, 3717, 31904, 11.6506
2025/03/18 03:03:40.949, 0, 0, 12288, 2887, 41.25, 7.59, 3783, 31904, 11.8574
2025/03/18 03:03:42.989, 0, 0, 12288, 2887, 90.66, 3.5, 3711, 31904, 11.6318
2025/03/18 03:03:45.049, 0, 0, 12288, 2887, 43.71, 2.52, 3719, 31904, 11.6568
2025/03/18 03:03:47.101, 0, 0, 12288, 2887, 72.24, 5.43, 3713, 31904, 11.638
2025/03/18 03:03:49.165, 0, 0, 12288, 2887, 42.62, 2.44, 3712, 31904, 11.6349
2025/03/18 03:03:51.237, 100, 87, 12288, 2887, 61.72, 7.84, 3712, 31904, 11.6349
2025/03/18 03:03:53.301, 0, 0, 12288, 2887, 44.11, 2.59, 3709, 31904, 11.6255
2025/03/18 03:03:55.354, 0, 0, 12288, 2887, 39.41, 9.33, 3773, 31904, 11.8261
2025/03/18 03:03:57.405, 0, 0, 12288, 2887, 44.38, 2.85, 3713, 31904, 11.638
2025/03/18 03:03:59.466, 0, 0, 12288, 2887, 40.88, 11.12, 3789, 31904, 11.8763
2025/03/18 03:04:01.517, 0, 0, 12288, 2887, 64.70, 2.68, 3719, 31904, 11.6568
2025/03/18 03:04:03.585, 0, 0, 12288, 2887, 39.42, 9.07, 3790, 31904, 11.8794
2025/03/18 03:04:05.629, 0, 0, 12288, 2887, 83.60, 2.52, 3718, 31904, 11.6537
2025/03/18 03:04:07.717, 0, 0, 12288, 2887, 43.74, 3.52, 3716, 31904, 11.6474
2025/03/18 03:04:09.757, 0, 0, 12288, 2887, 68.28, 4.61, 3712, 31904, 11.6349
2025/03/18 03:04:11.830, 0, 0, 12288, 2887, 42.95, 2.19, 3722, 31904, 11.6662
2025/03/18 03:04:13.881, 99, 66, 12288, 2887, 69.76, 6.93, 3715, 31904, 11.6443
2025/03/18 03:04:15.937, 0, 0, 12288, 2887, 43.65, 2.6, 3714, 31904, 11.6412
2025/03/18 03:04:17.989, 10, 8, 12288, 2887, 47.20, 8.42, 3776, 31904, 11.8355
2025/03/18 03:04:20.034, 0, 0, 12288, 2887, 65.21, 2.85, 3713, 31904, 11.638
2025/03/18 03:04:22.105, 0, 0, 12288, 2887, 41.75, 11.6, 3780, 31904, 11.848
2025/03/18 03:04:24.161, 0, 0, 12288, 2887, 64.99, 2.85, 3722, 31904, 11.6662
2025/03/18 03:04:26.250, 0, 0, 12288, 2887, 41.53, 10.12, 3779, 31904, 11.8449
2025/03/18 03:04:28.298, 0, 0, 12288, 2887, 65.64, 2.68, 3713, 31904, 11.638
2025/03/18 03:04:30.378, 0, 0, 12288, 2887, 41.79, 7.25, 3784, 31904, 11.8606
2025/03/18 03:04:32.417, 0, 0, 12288, 2887, 90.96, 4, 3717, 31904, 11.6506
2025/03/18 03:04:34.493, 0, 0, 12288, 2887, 43.19, 2.27, 3719, 31904, 11.6568
2025/03/18 03:04:36.545, 45, 27, 12288, 2887, 72.90, 5.45, 3713, 31904, 11.638
2025/03/18 03:04:38.605, 0, 0, 12288, 2887, 44.15, 2.35, 3720, 31904, 11.66
2025/03/18 03:04:40.657, 59, 58, 12288, 2887, 55.82, 7.87, 3709, 31904, 11.6255
2025/03/18 03:04:42.741, 0, 0, 12288, 2887, 65.13, 2.19, 3716, 31904, 11.6474
2025/03/18 03:04:44.822, 0, 0, 12288, 2887, 39.45, 9.49, 3776, 31904, 11.8355
2025/03/18 03:04:46.885, 0, 0, 12288, 2887, 44.39, 3.09, 3714, 31904, 11.6412
2025/03/18 03:04:48.946, 0, 0, 12288, 2887, 39.47, 10.76, 3787, 31904, 11.87
2025/03/18 03:04:51.013, 0, 0, 12288, 2887, 64.07, 2.19, 3718, 31904, 11.6537
2025/03/18 03:04:53.073, 0, 0, 12288, 2887, 41.59, 9.73, 3772, 31904, 11.823
2025/03/18 03:04:55.153, 0, 0, 12288, 2887, 80.60, 2.77, 3713, 31904, 11.638
2025/03/18 03:04:57.213, 0, 0, 12288, 2887, 43.31, 3.37, 3720, 31904, 11.66
2025/03/18 03:04:59.273, 0, 0, 12288, 2887, 67.79, 4.26, 3707, 31904, 11.6192
2025/03/18 03:05:01.326, 0, 0, 12288, 2887, 41.66, 2.77, 3710, 31904, 11.6286
2025/03/18 03:05:03.377, 100, 58, 12288, 2887, 68.72, 6.18, 3714, 31904, 11.6412
2025/03/18 03:05:05.434, 0, 0, 12288, 2887, 43.29, 2.43, 3707, 31904, 11.6192
2025/03/18 03:05:07.481, 75, 71, 12288, 2887, 49.07, 8.34, 3773, 31904, 11.8261
2025/03/18 03:05:09.553, 0, 0, 12288, 2887, 62.12, 2.27, 3713, 31904, 11.638
2025/03/18 03:05:11.618, 0, 0, 12288, 2887, 41.52, 12.07, 3785, 31904, 11.8637
2025/03/18 03:05:13.657, 0, 0, 12288, 2887, 61.37, 2.11, 3719, 31904, 11.6568
2025/03/18 03:05:15.714, 0, 0, 12288, 2887, 39.43, 10.76, 3781, 31904, 11.8512
2025/03/18 03:05:17.765, 0, 0, 12288, 2887, 73.54, 2.77, 3710, 31904, 11.6286
2025/03/18 03:05:19.833, 0, 0, 12288, 2887, 41.52, 8.4, 3784, 31904, 11.8606
2025/03/18 03:05:21.873, 0, 0, 12288, 2887, 89.96, 2.94, 3716, 31904, 11.6474
2025/03/18 03:05:23.941, 0, 0, 12288, 2887, 44.20, 2.52, 3715, 31904, 11.6443
2025/03/18 03:05:25.993, 69, 41, 12288, 2887, 68.54, 5.52, 3709, 31904, 11.6255
2025/03/18 03:05:28.073, 0, 0, 12288, 2887, 43.67, 2.68, 3706, 31904, 11.6161
2025/03/18 03:05:30.125, 100, 74, 12288, 2887, 57.14, 7.77, 3706, 31904, 11.6161
2025/03/18 03:05:32.205, 0, 0, 12288, 2887, 59.71, 2.6, 3711, 31904, 11.6318
2025/03/18 03:05:34.258, 0, 0, 12288, 2887, 41.28, 9.25, 3774, 31904, 11.8292
2025/03/18 03:05:36.333, 0, 0, 12288, 2887, 60.01, 2.61, 3710, 31904, 11.6286
2025/03/18 03:05:38.417, 0, 0, 12288, 2887, 42.00, 11.29, 3770, 31904, 11.8167
2025/03/18 03:05:40.473, 0, 0, 12288, 2887, 60.33, 2.52, 3706, 31904, 11.6161
2025/03/18 03:05:42.542, 0, 0, 12288, 2887, 41.24, 8.89, 3779, 31904, 11.8449
2025/03/18 03:05:44.593, 0, 0, 12288, 2887, 80.65, 2.52, 3712, 31904, 11.6349
2025/03/18 03:05:46.681, 0, 0, 12288, 2887, 43.65, 4.5, 3722, 31904, 11.6662
2025/03/18 03:05:48.721, 0, 0, 12288, 2887, 68.21, 4.35, 3704, 31904, 11.6098
2025/03/18 03:05:50.785, 0, 0, 12288, 2887, 43.32, 2.43, 3712, 31904, 11.6349
2025/03/18 03:05:52.837, 99, 60, 12288, 2887, 83.57, 6.58, 3709, 31904, 11.6255
2025/03/18 03:05:54.893, 0, 0, 12288, 2887, 43.75, 2.52, 3719, 31904, 11.6568
2025/03/18 03:05:56.945, 36, 36, 12288, 2887, 44.33, 8.5, 3783, 31904, 11.8574
2025/03/18 03:05:58.989, 0, 0, 12288, 2887, 44.22, 2.11, 3721, 31904, 11.6631
2025/03/18 03:06:01.057, 0, 0, 12288, 2887, 39.64, 11.99, 3778, 31904, 11.8418
2025/03/18 03:06:03.109, 0, 0, 12288, 2887, 62.46, 2.77, 3710, 31904, 11.6286
2025/03/18 03:06:05.170, 0, 0, 12288, 2887, 39.45, 9.55, 3773, 31904, 11.8261
2025/03/18 03:06:07.249, 0, 0, 12288, 2887, 73.18, 2.52, 3706, 31904, 11.6161
2025/03/18 03:06:09.325, 0, 0, 12288, 2887, 41.32, 7.34, 3781, 31904, 11.8512
2025/03/18 03:06:11.365, 0, 0, 12288, 2887, 91.67, 3.35, 3710, 31904, 11.6286
2025/03/18 03:06:13.448, 0, 0, 12288, 2887, 42.32, 2.19, 3703, 31904, 11.6067
2025/03/18 03:06:15.497, 31, 19, 12288, 2887, 84.10, 6, 3705, 31904, 11.613
2025/03/18 03:06:17.549, 0, 0, 12288, 2887, 43.29, 2.19, 3714, 31904, 11.6412
2025/03/18 03:06:19.601, 66, 64, 12288, 2887, 54.16, 8.19, 3707, 31904, 11.6192
2025/03/18 03:06:21.657, 0, 0, 12288, 2887, 63.91, 2.52, 3714, 31904, 11.6412
2025/03/18 03:06:23.710, 0, 0, 12288, 2887, 41.55, 11.61, 3785, 31904, 11.8637
2025/03/18 03:06:25.778, 0, 0, 12288, 2887, 66.92, 2.35, 3710, 31904, 11.6286
2025/03/18 03:06:27.845, 0, 0, 12288, 2887, 39.46, 10.79, 3783, 31904, 11.8574
2025/03/18 03:06:29.897, 0, 0, 12288, 2887, 56.20, 2.35, 3715, 31904, 11.6443
2025/03/18 03:06:31.981, 0, 0, 12288, 2887, 41.25, 8.3, 3781, 31904, 11.8512
2025/03/18 03:06:34.021, 0, 0, 12288, 2887, 90.83, 2.93, 3707, 31904, 11.6192
2025/03/18 03:06:36.109, 0, 0, 12288, 2887, 41.92, 2.93, 3718, 31904, 11.6537
2025/03/18 03:06:38.161, 12, 8, 12288, 2887, 78.60, 4.78, 3706, 31904, 11.6161
2025/03/18 03:06:40.246, 0, 0, 12288, 2887, 43.25, 2.43, 3718, 31904, 11.6537
2025/03/18 03:06:42.297, 99, 58, 12288, 2887, 73.46, 7.51, 3706, 31904, 11.6161
2025/03/18 03:06:44.377, 0, 0, 12288, 2887, 43.67, 2.77, 3716, 31904, 11.6474
2025/03/18 03:06:46.425, 0, 0, 12288, 2887, 39.39, 8.51, 3785, 31904, 11.8637
2025/03/18 03:06:48.485, 0, 0, 12288, 2887, 44.16, 2.52, 3716, 31904, 11.6474
2025/03/18 03:06:50.565, 0, 0, 12288, 2887, 39.43, 11.74, 3782, 31904, 11.8543
2025/03/18 03:06:52.609, 0, 0, 12288, 2887, 60.40, 2.28, 3713, 31904, 11.638
2025/03/18 03:06:54.674, 0, 0, 12288, 2887, 41.54, 8.99, 3787, 31904, 11.87
2025/03/18 03:06:56.722, 0, 0, 12288, 2887, 79.44, 2.6, 3721, 31904, 11.6631
2025/03/18 03:06:58.789, 0, 0, 12288, 2887, 43.18, 4.83, 3729, 31904, 11.6882
2025/03/18 03:07:00.829, 0, 0, 12288, 2887, 69.07, 4.12, 3719, 31904, 11.6568
2025/03/18 03:07:02.877, 0, 0, 12288, 2887, 42.25, 2.84, 3721, 31904, 11.6631
2025/03/18 03:07:04.929, 100, 57, 12288, 2887, 71.23, 6.59, 3713, 31904, 11.638
2025/03/18 03:07:06.990, 0, 0, 12288, 2887, 43.13, 2.6, 3719, 31904, 11.6568
2025/03/18 03:07:09.041, 57, 55, 12288, 2887, 46.69, 8.43, 3781, 31904, 11.8512
2025/03/18 03:07:11.089, 0, 0, 12288, 2887, 44.28, 2.51, 3727, 31904, 11.6819
2025/03/18 03:07:13.150, 0, 0, 12288, 2887, 40.90, 12.2, 3783, 31904, 11.8574
2025/03/18 03:07:15.194, 0, 0, 12288, 2887, 56.17, 2.6, 3717, 31904, 11.6506
2025/03/18 03:07:17.258, 0, 0, 12288, 2887, 39.35, 9.85, 3783, 31904, 11.8574
2025/03/18 03:07:19.305, 0, 0, 12288, 2887, 78.45, 2.19, 3719, 31904, 11.6568
2025/03/18 03:07:21.362, 0, 0, 12288, 2887, 43.23, 3.87, 3733, 31904, 11.7007
2025/03/18 03:07:23.401, 0, 0, 12288, 2887, 69.11, 3.95, 3718, 31904, 11.6537
2025/03/18 03:07:25.454, 0, 0, 12288, 2887, 43.72, 2.6, 3724, 31904, 11.6725
2025/03/18 03:07:27.505, 100, 57, 12288, 2887, 69.75, 6.04, 3711, 31904, 11.6318
2025/03/18 03:07:29.581, 0, 0, 12288, 2887, 43.25, 2.6, 3720, 31904, 11.66
2025/03/18 03:07:31.633, 69, 67, 12288, 2887, 48.29, 8.34, 3780, 31904, 11.848
2025/03/18 03:07:33.682, 0, 0, 12288, 2887, 63.18, 2.52, 3714, 31904, 11.6412
2025/03/18 03:07:35.753, 0, 0, 12288, 2887, 41.53, 12.17, 3786, 31904, 11.8669
2025/03/18 03:07:37.809, 0, 0, 12288, 2887, 63.74, 2.77, 3712, 31904, 11.6349
2025/03/18 03:07:39.865, 0, 0, 12288, 2887, 41.39, 10.15, 3784, 31904, 11.8606
2025/03/18 03:07:41.917, 0, 0, 12288, 2887, 63.84, 2.6, 3713, 31904, 11.638
2025/03/18 03:07:44.004, 0, 0, 12288, 2887, 41.56, 7.47, 3787, 31904, 11.87
2025/03/18 03:07:46.041, 0, 0, 12288, 2887, 89.68, 3.36, 3714, 31904, 11.6412
2025/03/18 03:07:48.097, 0, 0, 12288, 2887, 43.33, 2.6, 3725, 31904, 11.6757
2025/03/18 03:07:50.149, 83, 49, 12288, 2887, 71.40, 5.92, 3713, 31904, 11.638
2025/03/18 03:07:52.230, 0, 0, 12288, 2887, 43.75, 2.52, 3711, 31904, 11.6318
2025/03/18 03:07:54.281, 100, 84, 12288, 2887, 55.74, 7.76, 3720, 31904, 11.66
2025/03/18 03:07:56.341, 0, 0, 12288, 2887, 64.48, 2.93, 3726, 31904, 11.6788
2025/03/18 03:07:58.423, 0, 0, 12288, 2887, 39.45, 9.33, 3787, 31904, 11.87
2025/03/18 03:08:00.477, 0, 0, 12288, 2887, 44.34, 2.53, 3724, 31904, 11.6725
2025/03/18 03:08:02.557, 0, 0, 12288, 2887, 39.59, 11.87, 3790, 31904, 11.8794
2025/03/18 03:08:04.621, 0, 0, 12288, 2881, 46.20, 5.36, 3726, 31904, 11.6788
2025/03/18 03:08:06.682, 0, 0, 12288, 2881, 40.11, 8.47, 3789, 31904, 11.8763
2025/03/18 03:08:08.721, 0, 0, 12288, 2881, 85.82, 2.44, 3726, 31904, 11.6788
2025/03/18 03:08:10.801, 0, 0, 12288, 2881, 43.42, 2.69, 3730, 31904, 11.6913
2025/03/18 03:08:12.837, 0, 0, 12288, 2881, 70.13, 4.86, 3718, 31904, 11.6537
2025/03/18 03:08:14.893, 0, 0, 12288, 2881, 42.83, 2.59, 3724, 31904, 11.6725
2025/03/18 03:08:16.945, 100, 70, 12288, 2881, 62.38, 7.26, 3724, 31904, 11.6725
2025/03/18 03:08:19.002, 0, 0, 12288, 2881, 56.59, 2.27, 3718, 31904, 11.6537
2025/03/18 03:08:21.053, 3, 1, 12288, 2881, 39.63, 8.33, 3796, 31904, 11.8982
2025/03/18 03:08:23.093, 0, 0, 12288, 2881, 55.90, 2.61, 3736, 31904, 11.7101
2025/03/18 03:08:25.181, 0, 0, 12288, 2881, 41.62, 11.76, 3791, 31904, 11.8825
2025/03/18 03:08:27.249, 0, 0, 12288, 2881, 55.81, 2.6, 3723, 31904, 11.6694
2025/03/18 03:08:29.309, 0, 0, 12288, 2881, 39.52, 9.69, 3792, 31904, 11.8857
2025/03/18 03:08:31.361, 0, 0, 12288, 2881, 76.38, 2.52, 3719, 31904, 11.6568
2025/03/18 03:08:33.425, 0, 0, 12288, 2881, 41.84, 5.97, 3846, 31904, 12.0549
2025/03/18 03:08:35.465, 0, 0, 12288, 2881, 67.70, 4.01, 3721, 31904, 11.6631
2025/03/18 03:08:37.525, 0, 0, 12288, 2881, 44.31, 2.43, 3730, 31904, 11.6913
2025/03/18 03:08:39.577, 99, 58, 12288, 2881, 67.74, 5.78, 3723, 31904, 11.6694
2025/03/18 03:08:41.634, 0, 0, 12288, 2881, 43.37, 2.18, 3732, 31904, 11.6976
2025/03/18 03:08:43.685, 66, 64, 12288, 2881, 48.00, 8.4, 3732, 31904, 11.6976
2025/03/18 03:08:45.729, 0, 0, 12288, 2881, 63.86, 2.35, 3743, 31904, 11.7321
2025/03/18 03:08:47.782, 0, 0, 12288, 2881, 41.55, 11.76, 3804, 31904, 11.9233
2025/03/18 03:08:49.829, 0, 0, 12288, 2881, 63.03, 2.43, 3736, 31904, 11.7101
2025/03/18 03:08:51.893, 0, 0, 12288, 2881, 41.91, 10.52, 3803, 31904, 11.9201
2025/03/18 03:08:53.937, 0, 0, 12288, 2881, 60.89, 2.76, 3736, 31904, 11.7101
2025/03/18 03:08:56.013, 0, 0, 12288, 2881, 41.59, 8.04, 3801, 31904, 11.9139
2025/03/18 03:08:58.053, 0, 0, 12288, 2881, 90.04, 3.43, 3729, 31904, 11.6882
2025/03/18 03:09:00.121, 0, 0, 12288, 2881, 41.65, 2.77, 3737, 31904, 11.7133
2025/03/18 03:09:02.173, 66, 39, 12288, 2881, 89.34, 5.26, 3726, 31904, 11.6788
2025/03/18 03:09:04.230, 0, 0, 12288, 2881, 43.86, 2.6, 3723, 31904, 11.6694
2025/03/18 03:09:06.281, 100, 71, 12288, 2881, 64.29, 7.17, 3732, 31904, 11.6976
2025/03/18 03:09:08.337, 0, 0, 12288, 2881, 57.47, 2.35, 3730, 31904, 11.6913
2025/03/18 03:09:10.413, 5, 3, 12288, 2881, 39.82, 8.49, 3799, 31904, 11.9076
2025/03/18 03:09:12.479, 0, 0, 12288, 2881, 44.32, 2.93, 3730, 31904, 11.6913
2025/03/18 03:09:14.534, 0, 0, 12288, 2881, 40.22, 11.75, 3786, 31904, 11.8669
2025/03/18 03:09:16.598, 0, 0, 12288, 2881, 65.33, 2.28, 3728, 31904, 11.6851
2025/03/18 03:09:18.677, 0, 0, 12288, 2881, 41.64, 9.15, 3792, 31904, 11.8857
2025/03/18 03:09:20.749, 0, 0, 12288, 2881, 75.47, 2.52, 3733, 31904, 11.7007
2025/03/18 03:09:22.830, 0, 0, 12288, 2881, 41.38, 6.67, 3868, 31904, 12.1239
2025/03/18 03:09:24.869, 0, 0, 12288, 2881, 67.80, 3.44, 3730, 31904, 11.6913
2025/03/18 03:09:26.925, 0, 0, 12288, 2881, 42.42, 2.36, 3730, 31904, 11.6913
2025/03/18 03:09:28.977, 99, 57, 12288, 2881, 88.21, 5.76, 3724, 31904, 11.6725
2025/03/18 03:09:31.037, 0, 0, 12288, 2881, 43.37, 2.51, 3733, 31904, 11.7007
2025/03/18 03:09:33.089, 89, 82, 12288, 2881, 58.53, 7.84, 3721, 31904, 11.6631
2025/03/18 03:09:35.149, 0, 0, 12288, 2881, 58.91, 2.51, 3726, 31904, 11.6788
2025/03/18 03:09:37.202, 0, 0, 12288, 2881, 41.66, 11.29, 3794, 31904, 11.8919
2025/03/18 03:09:39.253, 0, 0, 12288, 2881, 56.53, 2.6, 3731, 31904, 11.6945
2025/03/18 03:09:41.310, 0, 0, 12288, 2881, 39.51, 11.33, 3799, 31904, 11.9076
2025/03/18 03:09:43.365, 0, 0, 12288, 2881, 65.93, 2.44, 3734, 31904, 11.7039
2025/03/18 03:09:45.429, 0, 0, 12288, 2881, 41.94, 8.72, 3799, 31904, 11.9076
2025/03/18 03:09:47.472, 0, 0, 12288, 2881, 89.34, 2.68, 3740, 31904, 11.7227
2025/03/18 03:09:49.549, 0, 0, 12288, 2881, 41.16, 3.04, 3741, 31904, 11.7258
2025/03/18 03:09:51.589, 0, 0, 12288, 2881, 81.78, 4.43, 3727, 31904, 11.6819
2025/03/18 03:09:53.641, 0, 0, 12288, 2881, 43.37, 2.27, 3731, 31904, 11.6945
2025/03/18 03:09:55.693, 99, 58, 12288, 2881, 86.65, 6.43, 3731, 31904, 11.6945
2025/03/18 03:09:57.753, 0, 0, 12288, 2881, 43.92, 2.51, 3738, 31904, 11.7164
2025/03/18 03:09:59.805, 51, 50, 12288, 2881, 46.83, 8.34, 3796, 31904, 11.8982
2025/03/18 03:10:01.869, 0, 0, 12288, 2881, 44.48, 2.44, 3738, 31904, 11.7164
2025/03/18 03:10:03.950, 0, 0, 12288, 2881, 39.57, 11.59, 3797, 31904, 11.9013
2025/03/18 03:10:06.001, 0, 0, 12288, 2881, 66.79, 2.19, 3742, 31904, 11.7289
2025/03/18 03:10:08.062, 0, 0, 12288, 2881, 41.95, 9.97, 3800, 31904, 11.9107
2025/03/18 03:10:10.109, 0, 0, 12288, 2881, 64.23, 2.68, 3735, 31904, 11.707
2025/03/18 03:10:12.193, 0, 0, 12288, 2881, 41.68, 7.57, 3803, 31904, 11.9201
2025/03/18 03:10:14.233, 0, 0, 12288, 2881, 90.48, 3.1, 3732, 31904, 11.6976
2025/03/18 03:10:16.290, 0, 0, 12288, 2881, 41.79, 2.52, 3737, 31904, 11.7133
2025/03/18 03:10:18.342, 77, 45, 12288, 2881, 82.14, 5.5, 3734, 31904, 11.7039
2025/03/18 03:10:20.402, 0, 0, 12288, 2881, 43.87, 2.35, 3747, 31904, 11.7446
2025/03/18 03:10:22.453, 100, 75, 12288, 2881, 56.60, 7.03, 3733, 31904, 11.7007
2025/03/18 03:10:24.541, 0, 0, 12288, 2881, 44.42, 2.59, 3741, 31904, 11.7258
2025/03/18 03:10:26.597, 0, 0, 12288, 2881, 39.64, 8.49, 3800, 31904, 11.9107
2025/03/18 03:10:28.645, 0, 0, 12288, 2881, 58.35, 2.6, 3742, 31904, 11.7289
2025/03/18 03:10:30.725, 0, 0, 12288, 2881, 39.47, 11.01, 3801, 31904, 11.9139
2025/03/18 03:10:32.770, 0, 0, 12288, 2881, 55.67, 2.85, 3741, 31904, 11.7258
2025/03/18 03:10:34.830, 0, 0, 12288, 2881, 39.53, 11.67, 3802, 31904, 11.917
2025/03/18 03:10:36.901, 0, 0, 12288, 2891, 80.23, 3.46, 3728, 31904, 11.6851
2025/03/18 03:10:38.957, 0, 0, 12288, 2891, 40.16, 4.09, 3727, 31904, 11.6819
2025/03/18 03:10:40.997, 1, 0, 12288, 2891, 90.39, 4.85, 3728, 31904, 11.6851
2025/03/18 03:10:43.081, 2, 0, 12288, 2891, 41.52, 3.29, 3738, 31904, 11.7164
2025/03/18 03:10:45.134, 100, 60, 12288, 2901, 79.95, 7.12, 3726, 31904, 11.6788
2025/03/18 03:10:47.201, 0, 0, 12288, 2891, 45.07, 2.2, 3727, 31904, 11.6819
2025/03/18 03:10:49.257, 4, 2, 12288, 2891, 43.75, 8.42, 3791, 31904, 11.8825
2025/03/18 03:10:51.304, 0, 0, 12288, 2891, 55.70, 2.51, 3745, 31904, 11.7383
2025/03/18 03:10:53.382, 0, 0, 12288, 2891, 39.49, 12.33, 3796, 31904, 11.8982
2025/03/18 03:10:55.457, 0, 0, 12288, 2891, 65.02, 2.44, 3734, 31904, 11.7039
2025/03/18 03:10:57.521, 0, 0, 12288, 2891, 41.61, 9.97, 3800, 31904, 11.9107
2025/03/18 03:10:59.573, 0, 0, 12288, 2891, 64.71, 2.36, 3739, 31904, 11.7195
2025/03/18 03:11:01.662, 0, 0, 12288, 2891, 41.76, 8.29, 3802, 31904, 11.917
2025/03/18 03:11:03.701, 0, 0, 12288, 2891, 94.93, 3.6, 3727, 31904, 11.6819
2025/03/18 03:11:05.757, 0, 0, 12288, 2891, 43.78, 2.68, 3738, 31904, 11.7164
2025/03/18 03:11:07.809, 29, 18, 12288, 2891, 88.50, 5.36, 3730, 31904, 11.6913
2025/03/18 03:11:09.896, 0, 0, 12288, 2891, 43.42, 2.6, 3739, 31904, 11.7195
2025/03/18 03:11:11.969, 99, 61, 12288, 2891, 64.38, 7.28, 3721, 31904, 11.6631
2025/03/18 03:11:14.029, 0, 0, 12288, 2891, 44.31, 2.76, 3724, 31904, 11.6725
2025/03/18 03:11:16.101, 0, 0, 12288, 2891, 39.49, 8.42, 3787, 31904, 11.87
2025/03/18 03:11:18.153, 0, 0, 12288, 2891, 60.46, 2.35, 3724, 31904, 11.6725
2025/03/18 03:11:20.213, 0, 0, 12288, 2891, 41.32, 11.3, 3795, 31904, 11.8951
2025/03/18 03:11:22.262, 0, 0, 12288, 2891, 58.94, 2.52, 3733, 31904, 11.7007
2025/03/18 03:11:24.326, 0, 0, 12288, 2891, 41.61, 9.21, 3795, 31904, 11.8951
2025/03/18 03:11:26.373, 0, 0, 12288, 2891, 79.26, 2.44, 3729, 31904, 11.6882
2025/03/18 03:11:28.429, 0, 0, 12288, 2891, 41.58, 4.02, 3726, 31904, 11.6788
2025/03/18 03:11:30.469, 0, 0, 12288, 2891, 70.45, 4.09, 3729, 31904, 11.6882
2025/03/18 03:11:32.522, 0, 0, 12288, 2891, 43.76, 2.36, 3732, 31904, 11.6976
2025/03/18 03:11:34.573, 98, 57, 12288, 2891, 76.12, 6.27, 3734, 31904, 11.7039
2025/03/18 03:11:36.654, 0, 0, 12288, 2891, 44.47, 2.36, 3729, 31904, 11.6882
2025/03/18 03:11:38.705, 6, 4, 12288, 2891, 44.41, 8.5, 3802, 31904, 11.917
2025/03/18 03:11:40.766, 0, 0, 12288, 2891, 66.53, 2.27, 3738, 31904, 11.7164
2025/03/18 03:11:42.842, 0, 0, 12288, 2891, 39.54, 11.71, 3805, 31904, 11.9264
2025/03/18 03:11:44.882, 0, 0, 12288, 2891, 66.63, 2.76, 3737, 31904, 11.7133
2025/03/18 03:11:46.938, 0, 0, 12288, 2891, 41.66, 10.57, 3801, 31904, 11.9139
2025/03/18 03:11:49.009, 0, 0, 12288, 2891, 65.29, 2.19, 3727, 31904, 11.6819
2025/03/18 03:11:51.070, 0, 0, 12288, 2891, 43.59, 7.99, 3796, 31904, 11.8982
2025/03/18 03:11:53.109, 0, 0, 12288, 2891, 93.79, 3.5, 3730, 31904, 11.6913
2025/03/18 03:11:55.166, 0, 0, 12288, 2891, 43.85, 2.35, 3733, 31904, 11.7007
2025/03/18 03:11:57.213, 27, 17, 12288, 2891, 71.12, 5.43, 3718, 31904, 11.6537
2025/03/18 03:11:59.270, 0, 0, 12288, 2891, 43.49, 2.28, 3735, 31904, 11.707
2025/03/18 03:12:01.321, 77, 73, 12288, 2891, 59.64, 7.67, 3719, 31904, 11.6568
2025/03/18 03:12:03.377, 0, 0, 12288, 2891, 61.59, 2.35, 3737, 31904, 11.7133
2025/03/18 03:12:05.438, 0, 0, 12288, 2891, 39.58, 9.36, 3792, 31904, 11.8857
2025/03/18 03:12:07.482, 0, 0, 12288, 2891, 61.67, 2.68, 3739, 31904, 11.7195
2025/03/18 03:12:09.565, 0, 0, 12288, 2891, 41.40, 11.43, 3791, 31904, 11.8825
2025/03/18 03:12:11.630, 0, 0, 12288, 2891, 44.50, 2.02, 3727, 31904, 11.6819
2025/03/18 03:12:13.717, 0, 0, 12288, 2891, 41.19, 10.05, 3793, 31904, 11.8888
2025/03/18 03:12:15.761, 0, 0, 12288, 2891, 79.64, 2.27, 3730, 31904, 11.6913
2025/03/18 03:12:17.817, 0, 0, 12288, 2891, 43.47, 3.2, 3731, 31904, 11.6945
2025/03/18 03:12:19.857, 0, 0, 12288, 2891, 90.72, 4.03, 3725, 31904, 11.6757
2025/03/18 03:12:21.914, 0, 0, 12288, 2891, 43.84, 2.52, 3736, 31904, 11.7101
2025/03/18 03:12:23.965, 99, 57, 12288, 2891, 74.49, 6.43, 3732, 31904, 11.6976
2025/03/18 03:12:26.050, 0, 0, 12288, 2891, 43.09, 2.27, 3746, 31904, 11.7415
2025/03/18 03:12:28.101, 1, 0, 12288, 2891, 43.28, 8.26, 3799, 31904, 11.9076
2025/03/18 03:12:30.142, 0, 0, 12288, 2891, 56.84, 2.44, 3743, 31904, 11.7321
2025/03/18 03:12:32.217, 0, 0, 12288, 2891, 41.70, 12.18, 3795, 31904, 11.8951
2025/03/18 03:12:34.261, 0, 0, 12288, 2891, 56.65, 2.6, 3726, 31904, 11.6788
2025/03/18 03:12:36.349, 0, 0, 12288, 2891, 41.46, 10.29, 3793, 31904, 11.8888
2025/03/18 03:12:38.413, 0, 0, 12288, 2891, 66.19, 2.68, 3734, 31904, 11.7039
2025/03/18 03:12:40.477, 0, 0, 12288, 2891, 41.93, 9.26, 3797, 31904, 11.9013
2025/03/18 03:12:42.517, 0, 0, 12288, 2891, 90.56, 3.17, 3732, 31904, 11.6976
2025/03/18 03:12:44.574, 0, 0, 12288, 2891, 43.82, 2.52, 3740, 31904, 11.7227
2025/03/18 03:12:46.625, 39, 23, 12288, 2891, 69.82, 5.19, 3727, 31904, 11.6819
2025/03/18 03:12:48.685, 0, 0, 12288, 2891, 42.51, 2.52, 3738, 31904, 11.7164
2025/03/18 03:12:50.737, 99, 66, 12288, 2891, 65.09, 7.75, 3725, 31904, 11.6757
2025/03/18 03:12:52.829, 0, 0, 12288, 2891, 43.91, 2.35, 3734, 31904, 11.7039
2025/03/18 03:12:54.898, 0, 0, 12288, 2891, 39.61, 8.42, 3796, 31904, 11.8982
2025/03/18 03:12:56.957, 0, 0, 12288, 2891, 64.89, 2.44, 3732, 31904, 11.6976
2025/03/18 03:12:59.018, 0, 0, 12288, 2891, 41.42, 11.74, 3797, 31904, 11.9013
2025/03/18 03:13:01.065, 0, 0, 12288, 2891, 44.52, 2.76, 3730, 31904, 11.6913
2025/03/18 03:13:03.129, 0, 0, 12288, 2891, 39.78, 8.29, 3796, 31904, 11.8982
2025/03/18 03:13:05.177, 0, 0, 12288, 2891, 82.35, 3.18, 3722, 31904, 11.6662
2025/03/18 03:13:07.265, 0, 0, 12288, 2891, 43.46, 3.61, 3728, 31904, 11.6851
2025/03/18 03:13:09.305, 0, 0, 12288, 2891, 90.11, 4.05, 3724, 31904, 11.6725
2025/03/18 03:13:11.377, 0, 0, 12288, 2891, 43.80, 2.6, 3726, 31904, 11.6788
2025/03/18 03:13:13.449, 99, 57, 12288, 2891, 72.28, 6.37, 3726, 31904, 11.6788
2025/03/18 03:13:15.506, 0, 0, 12288, 2891, 43.49, 2.35, 3732, 31904, 11.6976
2025/03/18 03:13:17.557, 45, 45, 12288, 2891, 44.96, 8.43, 3792, 31904, 11.8857
2025/03/18 03:13:19.609, 0, 0, 12288, 2891, 57.36, 2.35, 3735, 31904, 11.707
2025/03/18 03:13:21.669, 0, 0, 12288, 2891, 41.35, 11.94, 3798, 31904, 11.9045
2025/03/18 03:13:23.725, 0, 0, 12288, 2891, 57.98, 2.92, 3731, 31904, 11.6945
2025/03/18 03:13:25.786, 0, 0, 12288, 2891, 41.65, 9.78, 3785, 31904, 11.8637
2025/03/18 03:13:27.857, 0, 0, 12288, 2891, 69.42, 2.76, 3725, 31904, 11.6757
2025/03/18 03:13:29.914, 0, 0, 12288, 2891, 41.35, 6.72, 3916, 31904, 12.2743
2025/03/18 03:13:31.953, 0, 0, 12288, 2891, 80.08, 3.44, 3729, 31904, 11.6882
2025/03/18 03:13:34.014, 0, 0, 12288, 2891, 43.80, 2.28, 3737, 31904, 11.7133
2025/03/18 03:13:36.061, 100, 57, 12288, 2891, 72.40, 5.78, 3721, 31904, 11.6631
2025/03/18 03:13:38.122, 0, 0, 12288, 2891, 44.26, 2.35, 3720, 31904, 11.66
2025/03/18 03:13:40.193, 72, 68, 12288, 2891, 47.63, 8.18, 3727, 31904, 11.6819
2025/03/18 03:13:42.245, 0, 0, 12288, 2891, 63.03, 2.76, 3723, 31904, 11.6694
2025/03/18 03:13:44.298, 0, 0, 12288, 2891, 39.54, 11.78, 3791, 31904, 11.8825
2025/03/18 03:13:46.369, 0, 0, 12288, 2891, 64.02, 2.6, 3728, 31904, 11.6851
2025/03/18 03:13:48.446, 0, 0, 12288, 2891, 41.42, 10.21, 3797, 31904, 11.9013
2025/03/18 03:13:50.501, 0, 0, 12288, 2891, 66.71, 2.61, 3732, 31904, 11.6976
2025/03/18 03:13:52.577, 0, 0, 12288, 2891, 42.30, 8.28, 3799, 31904, 11.9076
2025/03/18 03:13:54.617, 0, 0, 12288, 2891, 91.24, 3.26, 3730, 31904, 11.6913
2025/03/18 03:13:56.681, 0, 0, 12288, 2891, 43.90, 2.76, 3738, 31904, 11.7164
2025/03/18 03:13:58.733, 8, 5, 12288, 2891, 72.53, 5.11, 3730, 31904, 11.6913
2025/03/18 03:14:00.802, 0, 0, 12288, 2891, 42.54, 2.44, 3742, 31904, 11.7289
2025/03/18 03:14:02.853, 89, 82, 12288, 2891, 53.36, 7.53, 3728, 31904, 11.6851
2025/03/18 03:14:04.917, 0, 0, 12288, 2891, 58.91, 2.43, 3735, 31904, 11.707
2025/03/18 03:14:06.990, 0, 0, 12288, 2891, 39.47, 9.18, 3802, 31904, 11.917
2025/03/18 03:14:09.061, 0, 0, 12288, 2891, 60.58, 3.02, 3737, 31904, 11.7133
2025/03/18 03:14:11.133, 0, 0, 12288, 2891, 41.42, 11.32, 3803, 31904, 11.9201
2025/03/18 03:14:13.181, 0, 0, 12288, 2891, 51.47, 2.52, 3733, 31904, 11.7007
2025/03/18 03:14:15.254, 0, 0, 12288, 2891, 41.61, 8.87, 3797, 31904, 11.9013
2025/03/18 03:14:17.293, 0, 0, 12288, 2891, 82.36, 2.44, 3734, 31904, 11.7039
2025/03/18 03:14:19.354, 0, 0, 12288, 2891, 43.39, 2.76, 3742, 31904, 11.7289
2025/03/18 03:14:21.393, 0, 0, 12288, 2891, 90.42, 4.62, 3726, 31904, 11.6788
2025/03/18 03:14:23.461, 0, 0, 12288, 2891, 43.90, 2.52, 3740, 31904, 11.7227
2025/03/18 03:14:25.509, 99, 58, 12288, 2891, 65.41, 7.18, 3726, 31904, 11.6788
2025/03/18 03:14:27.590, 0, 0, 12288, 2891, 43.98, 2.35, 3731, 31904, 11.6945
2025/03/18 03:14:29.641, 0, 0, 12288, 2891, 39.47, 8.49, 3795, 31904, 11.8951
2025/03/18 03:14:31.693, 0, 0, 12288, 2891, 59.47, 2.93, 3730, 31904, 11.6913
2025/03/18 03:14:33.781, 0, 0, 12288, 2891, 41.39, 11.9, 3797, 31904, 11.9013
2025/03/18 03:14:35.829, 0, 0, 12288, 2891, 63.36, 2.52, 3732, 31904, 11.6976
2025/03/18 03:14:37.890, 0, 0, 12288, 2891, 41.64, 9.05, 3796, 31904, 11.8982
2025/03/18 03:14:39.932, 0, 0, 12288, 2891, 81.94, 3.01, 3733, 31904, 11.7007
2025/03/18 03:14:41.997, 0, 0, 12288, 2891, 41.38, 2.86, 3738, 31904, 11.7164
2025/03/18 03:14:44.037, 2, 2, 12288, 2891, 70.82, 4.77, 3727, 31904, 11.6819
2025/03/18 03:14:46.121, 0, 0, 12288, 2891, 43.37, 2.6, 3731, 31904, 11.6945
2025/03/18 03:14:48.173, 99, 58, 12288, 2891, 72.77, 6.93, 3726, 31904, 11.6788
2025/03/18 03:14:50.261, 0, 0, 12288, 2891, 44.38, 2.61, 3731, 31904, 11.6945
2025/03/18 03:14:52.313, 30, 29, 12288, 2891, 41.81, 8.43, 3787, 31904, 11.87
2025/03/18 03:14:54.373, 0, 0, 12288, 2891, 60.75, 2.85, 3729, 31904, 11.6882
2025/03/18 03:14:56.469, 0, 0, 12288, 2891, 39.46, 11.56, 3795, 31904, 11.8951
2025/03/18 03:14:58.525, 0, 0, 12288, 2891, 63.57, 2.44, 3725, 31904, 11.6757
2025/03/18 03:15:00.593, 0, 0, 12288, 2891, 39.51, 10.04, 3800, 31904, 11.9107
2025/03/18 03:15:02.669, 0, 0, 12288, 2891, 66.77, 2.6, 3733, 31904, 11.7007
2025/03/18 03:15:04.760, 0, 0, 12288, 2891, 39.92, 5.59, 3870, 31904, 12.1301
2025/03/18 03:15:06.797, 0, 0, 12288, 2891, 89.93, 4.09, 3729, 31904, 11.6882
2025/03/18 03:15:08.857, 0, 0, 12288, 2891, 43.32, 2.6, 3728, 31904, 11.6851
2025/03/18 03:15:10.909, 81, 47, 12288, 2891, 73.53, 6.51, 3729, 31904, 11.6882
2025/03/18 03:15:12.966, 0, 0, 12288, 2891, 43.86, 2.52, 3733, 31904, 11.7007
2025/03/18 03:15:15.017, 5, 3, 12288, 2891, 46.59, 8.41, 3799, 31904, 11.9076
2025/03/18 03:15:17.057, 0, 0, 12288, 2891, 55.48, 2.85, 3732, 31904, 11.6976
2025/03/18 03:15:19.129, 0, 0, 12288, 2891, 39.52, 11.86, 3802, 31904, 11.917
2025/03/18 03:15:21.201, 0, 0, 12288, 2891, 59.25, 2.43, 3733, 31904, 11.7007
2025/03/18 03:15:23.269, 0, 0, 12288, 2891, 41.39, 9.88, 3801, 31904, 11.9139
2025/03/18 03:15:25.341, 0, 0, 12288, 2891, 73.98, 2.6, 3732, 31904, 11.6976
2025/03/18 03:15:27.401, 0, 0, 12288, 2891, 41.64, 6.54, 3887, 31904, 12.1834
2025/03/18 03:15:29.441, 0, 0, 12288, 2891, 66.92, 3.45, 3725, 31904, 11.6757
2025/03/18 03:15:31.518, 0, 0, 12288, 2891, 42.45, 2.43, 3730, 31904, 11.6913
2025/03/18 03:15:33.569, 99, 58, 12288, 2891, 85.67, 6.58, 3724, 31904, 11.6725
2025/03/18 03:15:35.633, 0, 0, 12288, 2891, 43.41, 2.52, 3736, 31904, 11.7101
2025/03/18 03:15:37.685, 86, 80, 12288, 2891, 50.60, 8.41, 3794, 31904, 11.8919
2025/03/18 03:15:39.746, 0, 0, 12288, 2891, 44.35, 2.1, 3735, 31904, 11.707
2025/03/18 03:15:41.806, 0, 0, 12288, 2891, 40.26, 11.37, 3801, 31904, 11.9139
2025/03/18 03:15:43.857, 0, 0, 12288, 2891, 62.92, 2.68, 3739, 31904, 11.7195
2025/03/18 03:15:45.918, 0, 0, 12288, 2891, 39.50, 10.18, 3804, 31904, 11.9233
2025/03/18 03:15:47.966, 0, 0, 12288, 2891, 67.09, 0, 3730, 31904, 11.6913
